dimension,calendardate,datekey,reportperiod,fiscalperiod,workingcapital,marketcap,lastupdated,accoci,assets,assetsavg,assetsc,assetsnc,assetturnover,bvps,capex,cashneq,cashnequsd,cor,consolinc,currentratio,de,debt,debtc,debtnc,debtusd,deferredrev,depamor,deposits,divyield,dps,ebit,ebitda,ebitdamargin,ebitdausd,ebitusd,ebt,eps,epsdil,epsusd,equity,equityavg,equityusd,ev,evebit,evebitda,fcf,fcfps,fxusd,gp,grossmargin,intangibles,intexp,invcap,invcapavg,inventory,investments,investmentsc,investmentsnc,liabilities,liabilitiesc,liabilitiesnc,ncf,ncfbus,ncfcommon,ncfdebt,ncfdiv,ncff,ncfi,ncfinv,ncfo,ncfx,netinc,netinccmn,netinccmnusd,netincdis,netincnci,netmargin,opex,opinc,payables,payoutratio,pb,pe,pe1,ppnenet,prefdivis,price,ps,ps1,receivables,retearn,revenue,revenueusd,rnd,roa,roe,roic,ros,sbcomp,sgna,sharefactor,sharesbas,shareswa,shareswadil,sps,tangibles,taxassets,taxexp,taxliabilities,tbvps
ARQ,1996-12-31,1997-03-11,1996-12-31,1996-Q4,-1908000000.000000,34583156281.000000,2025-04-29,-633000000.000000,23449000000.000000,,3912000000.000000,19537000000.000000,,5.630000,,242000000.000000,242000000.000000,,,0.672000,2.431000,7227000000.000000,1722000000.000000,5505000000.000000,7227000000.000000,0.000000,,0.000000,0.030000,0.215000,,,,,,,,,,6835000000.000000,,6835000000.000000,41568156281.000000,11.000000,6.952000,,,1.000000,,,2485000000.000000,,22129000000.000000,,116000000.000000,2468000000.000000,513000000.000000,1955000000.000000,16614000000.000000,5820000000.000000,10794000000.000000,,,,,,,,,,,,,,,,,,,3839000000.000000,,5.060000,16.460000,16.691000,14007000000.000000,,28.875000,2.488000,2.522000,2575000000.000000,1739000000.000000,,,,,,,,,,1.000000,1197685066.000000,1214000000.000000,,,20964000000.000000,0.000000,,1039000000.000000,17.269000
ARQ,1997-03-31,1997-05-09,1997-03-31,1997-Q1,-1326000000.000000,51431171248.000000,2025-04-29,-534000000.000000,23737000000.000000,,4241000000.000000,19496000000.000000,,5.962000,-662000000.000000,733000000.000000,733000000.000000,1179000000.000000,517000000.000000,0.762000,2.324000,7794000000.000000,2054000000.000000,5740000000.000000,7794000000.000000,0.000000,578000000.000000,0.000000,0.031000,0.224000,910000000.000000,1488000000.000000,0.431000,1488000000.000000,910000000.000000,794000000.000000,0.430000,,0.430000,7142000000.000000,,7142000000.000000,58492171248.000000,,,-209000000.000000,-0.174000,1.000000,2277000000.000000,0.659000,2466000000.000000,116000000.000000,22765000000.000000,,0.000000,2114000000.000000,307000000.000000,1807000000.000000,16595000000.000000,5567000000.000000,11028000000.000000,491000000.000000,302000000.000000,-65000000.000000,596000000.000000,-258000000.000000,273000000.000000,-235000000.000000,125000000.000000,453000000.000000,0.000000,517000000.000000,517000000.000000,517000000.000000,0.000000,0.000000,0.150000,1387000000.000000,890000000.000000,3245000000.000000,0.521000,7.201000,,,14126000000.000000,0.000000,28.190000,,,2379000000.000000,1989000000.000000,3456000000.000000,3456000000.000000,0.000000,,,,,0.000000,809000000.000000,1.000000,1824447366.000000,1198000000.000000,,2.885000,21271000000.000000,0.000000,277000000.000000,1094000000.000000,17.755000
ARQ,1997-06-30,1997-08-13,1997-06-30,1997-Q2,-4471000000.000000,52551969462.000000,2025-04-29,-555000000.000000,41246000000.000000,,7430000000.000000,33816000000.000000,,4.953000,-2109000000.000000,744000000.000000,744000000.000000,2227000000.000000,-787000000.000000,0.624000,3.560000,14852000000.000000,3754000000.000000,11098000000.000000,14852000000.000000,0.000000,2136000000.000000,0.000000,0.031000,0.224000,-942000000.000000,1194000000.000000,0.201000,1194000000.000000,-942000000.000000,-1187000000.000000,-0.430000,,-0.430000,9045000000.000000,,9045000000.000000,66659969462.000000,,,95000000.000000,0.052000,1.000000,3709000000.000000,0.625000,3308000000.000000,245000000.000000,40145000000.000000,,0.000000,2737000000.000000,241000000.000000,2496000000.000000,32201000000.000000,11901000000.000000,20300000000.000000,-61000000.000000,-767000000.000000,51000000.000000,1045000000.000000,-544000000.000000,545000000.000000,-2810000000.000000,66000000.000000,2204000000.000000,0.000000,-787000000.000000,-787000000.000000,-787000000.000000,0.000000,0.000000,-0.133000,4642000000.000000,-933000000.000000,7738000000.000000,-0.521000,5.810000,,,26433000000.000000,0.000000,28.750000,,,4700000000.000000,551000000.000000,5936000000.000000,5936000000.000000,0.000000,,,,,0.000000,2996000000.000000,1.000000,1827894590.000000,1826000000.000000,,3.251000,37938000000.000000,812000000.000000,-400000000.000000,1175000000.000000,20.777000
ARQ,1997-09-30,1997-11-12,1997-09-30,1997-Q3,-4110000000.000000,61585545973.000000,2025-04-29,-551000000.000000,42056000000.000000,,7623000000.000000,34433000000.000000,,5.217000,-1356000000.000000,705000000.000000,705000000.000000,2365000000.000000,816000000.000000,0.650000,3.410000,15084000000.000000,3448000000.000000,11636000000.000000,15084000000.000000,0.000000,1086000000.000000,0.000000,0.026000,0.224000,1508000000.000000,2594000000.000000,0.409000,2594000000.000000,1508000000.000000,1268000000.000000,0.445000,,0.445000,9536000000.000000,,9536000000.000000,75964545973.000000,,,517000000.000000,0.283000,1.000000,3980000000.000000,0.627000,3289000000.000000,240000000.000000,41413000000.000000,,0.000000,3226000000.000000,504000000.000000,2722000000.000000,32520000000.000000,11733000000.000000,20787000000.000000,-39000000.000000,-179000000.000000,63000000.000000,231000000.000000,-408000000.000000,-114000000.000000,-1798000000.000000,-263000000.000000,1873000000.000000,0.000000,816000000.000000,816000000.000000,816000000.000000,0.000000,0.000000,0.129000,2508000000.000000,1472000000.000000,5874000000.000000,0.503000,6.458000,,,26774000000.000000,0.000000,33.595000,,,4867000000.000000,958000000.000000,6345000000.000000,6345000000.000000,0.000000,,,,,0.000000,1422000000.000000,1.000000,1833175948.000000,1828000000.000000,,3.471000,38767000000.000000,755000000.000000,452000000.000000,3211000000.000000,21.207000
ARQ,1997-12-31,1998-03-11,1997-12-31,1997-Q4,-3190000000.000000,72178018357.000000,2025-04-29,-574000000.000000,42132000000.000000,,7062000000.000000,35070000000.000000,,5.379000,-1639000000.000000,398000000.000000,398000000.000000,2728000000.000000,588000000.000000,0.689000,3.259000,13972000000.000000,1953000000.000000,12019000000.000000,13972000000.000000,0.000000,1122000000.000000,0.000000,0.023000,0.224000,1125000000.000000,2247000000.000000,0.341000,2247000000.000000,1125000000.000000,871000000.000000,-0.080000,,-0.080000,9892000000.000000,,9892000000.000000,85752018357.000000,26.000000,10.450000,801000000.000000,0.436000,1.000000,3856000000.000000,0.586000,3269000000.000000,254000000.000000,42185000000.000000,,0.000000,3060000000.000000,320000000.000000,2740000000.000000,32240000000.000000,10252000000.000000,21988000000.000000,-307000000.000000,81000000.000000,149000000.000000,-1111000000.000000,-412000000.000000,-1374000000.000000,-1373000000.000000,185000000.000000,2440000000.000000,0.000000,588000000.000000,588000000.000000,588000000.000000,0.000000,0.000000,0.089000,2811000000.000000,1045000000.000000,7888000000.000000,-2.800000,7.297000,48.967000,96.914000,27339000000.000000,0.000000,39.250000,2.904000,2.904000,5015000000.000000,1146000000.000000,6584000000.000000,6584000000.000000,0.000000,,,,,0.000000,1689000000.000000,1.000000,1838930404.000000,1838930404.000000,,3.580000,38863000000.000000,622000000.000000,283000000.000000,2056000000.000000,21.133000
ARQ,1998-03-31,1998-05-11,1998-03-31,1998-Q1,-2863000000.000000,71365547050.000000,2025-04-29,-582000000.000000,42114000000.000000,,6969000000.000000,35145000000.000000,,5.671000,-1066000000.000000,674000000.000000,674000000.000000,2306000000.000000,912000000.000000,0.709000,3.038000,14419000000.000000,2661000000.000000,11758000000.000000,14419000000.000000,0.000000,1106000000.000000,0.000000,0.023000,0.234000,1674000000.000000,2780000000.000000,0.433000,2780000000.000000,1674000000.000000,1441000000.000000,0.500000,0.490000,0.500000,10429000000.000000,,10429000000.000000,85110547050.000000,25.000000,9.655000,20000000.000000,0.011000,1.000000,4118000000.000000,0.641000,3238000000.000000,233000000.000000,42789000000.000000,,0.000000,2757000000.000000,176000000.000000,2581000000.000000,31685000000.000000,9832000000.000000,21853000000.000000,276000000.000000,94000000.000000,-2000000.000000,431000000.000000,-411000000.000000,18000000.000000,-828000000.000000,144000000.000000,1086000000.000000,0.000000,912000000.000000,912000000.000000,912000000.000000,0.000000,0.000000,0.142000,2459000000.000000,1659000000.000000,6741000000.000000,0.468000,6.843000,46.675000,89.218000,27380000000.000000,0.000000,38.810000,2.822000,2.822000,4730000000.000000,1629000000.000000,6424000000.000000,6424000000.000000,0.000000,,,,,0.000000,1353000000.000000,1.000000,1838844294.000000,1839000000.000000,1839000000.000000,3.493000,38876000000.000000,551000000.000000,529000000.000000,2321000000.000000,21.140000
ARQ,1998-06-30,1998-08-13,1998-06-30,1998-Q2,-2989000000.000000,72572862926.000000,2025-04-29,-650000000.000000,42600000000.000000,,7035000000.000000,35565000000.000000,,5.908000,-1437000000.000000,615000000.000000,615000000.000000,2330000000.000000,966000000.000000,0.702000,2.921000,13758000000.000000,2211000000.000000,11547000000.000000,13758000000.000000,0.000000,1139000000.000000,0.000000,0.023000,0.234000,1743000000.000000,2882000000.000000,0.437000,2882000000.000000,1743000000.000000,1505000000.000000,0.530000,0.520000,0.530000,10865000000.000000,,10865000000.000000,85715862926.000000,14.000000,8.161000,986000000.000000,0.536000,1.000000,4261000000.000000,0.646000,3208000000.000000,238000000.000000,42511000000.000000,,0.000000,2575000000.000000,91000000.000000,2484000000.000000,31735000000.000000,10024000000.000000,21711000000.000000,-59000000.000000,-6000000.000000,-67000000.000000,-625000000.000000,-431000000.000000,-1123000000.000000,-1359000000.000000,84000000.000000,2423000000.000000,0.000000,966000000.000000,966000000.000000,966000000.000000,0.000000,0.000000,0.147000,2552000000.000000,1709000000.000000,5919000000.000000,0.442000,6.680000,22.112000,28.315000,27758000000.000000,0.000000,39.500000,2.797000,2.800000,4847000000.000000,2167000000.000000,6591000000.000000,6591000000.000000,0.000000,,,,,0.000000,1413000000.000000,1.000000,1837287669.000000,1839000000.000000,1839000000.000000,3.584000,39392000000.000000,678000000.000000,539000000.000000,3730000000.000000,21.420000
ARQ,1998-09-30,1998-11-04,1998-09-30,1998-Q3,-2401000000.000000,92304390274.000000,2025-04-29,-553000000.000000,42529000000.000000,,7158000000.000000,35371000000.000000,,6.284000,-1357000000.000000,779000000.000000,779000000.000000,2403000000.000000,1207000000.000000,0.749000,2.688000,12847000000.000000,1630000000.000000,11217000000.000000,12847000000.000000,0.000000,1151000000.000000,0.000000,0.020000,0.234000,2133000000.000000,3284000000.000000,0.485000,3284000000.000000,2133000000.000000,1911000000.000000,0.660000,0.650000,0.660000,11531000000.000000,,11531000000.000000,104372390274.000000,16.000000,9.325000,775000000.000000,0.422000,1.000000,4373000000.000000,0.645000,2742000000.000000,222000000.000000,42296000000.000000,,0.000000,2582000000.000000,37000000.000000,2545000000.000000,30998000000.000000,9559000000.000000,21439000000.000000,164000000.000000,591000000.000000,-252000000.000000,-575000000.000000,-430000000.000000,-1257000000.000000,-711000000.000000,55000000.000000,2132000000.000000,0.000000,1207000000.000000,1207000000.000000,1207000000.000000,0.000000,0.000000,0.178000,2583000000.000000,1790000000.000000,5889000000.000000,0.355000,8.005000,25.131000,29.311000,27920000000.000000,0.000000,47.190000,3.500000,3.283000,4895000000.000000,2947000000.000000,6776000000.000000,6776000000.000000,0.000000,,,,,0.000000,1432000000.000000,1.000000,1956015899.000000,1835000000.000000,1835000000.000000,3.693000,39787000000.000000,504000000.000000,704000000.000000,3957000000.000000,21.682000
ARQ,1998-12-31,1999-03-12,1998-12-31,1998-Q4,-2451000000.000000,104122096588.000000,2025-04-29,-632000000.000000,45066000000.000000,,7538000000.000000,37528000000.000000,,6.513000,-2067000000.000000,460000000.000000,460000000.000000,9675000000.000000,938000000.000000,0.755000,2.526000,13163000000.000000,1551000000.000000,11612000000.000000,13163000000.000000,0.000000,1781000000.000000,0.000000,0.018000,0.234000,1772000000.000000,3553000000.000000,0.395000,3553000000.000000,1772000000.000000,1472000000.000000,0.380000,0.370000,0.380000,12780000000.000000,,12780000000.000000,116825096588.000000,16.000000,9.347000,673000000.000000,0.343000,1.000000,-689000000.000000,-0.077000,3087000000.000000,300000000.000000,44693000000.000000,,0.000000,2520000000.000000,6000000.000000,2514000000.000000,32286000000.000000,9989000000.000000,22297000000.000000,-331000000.000000,376000000.000000,195000000.000000,-312000000.000000,-539000000.000000,-1421000000.000000,-1650000000.000000,30000000.000000,2740000000.000000,0.000000,938000000.000000,938000000.000000,938000000.000000,0.000000,0.000000,0.104000,-2417000000.000000,1728000000.000000,7980000000.000000,0.616000,8.147000,25.882000,25.757000,29920000000.000000,0.000000,53.060000,3.618000,3.618000,5790000000.000000,3396000000.000000,8986000000.000000,8986000000.000000,0.000000,,,,,0.000000,-4198000000.000000,1.000000,1962346336.000000,1962346336.000000,,4.579000,41979000000.000000,489000000.000000,534000000.000000,2349000000.000000,21.392000
ARQ,1999-03-31,1999-05-11,1999-03-31,1999-Q1,-2132000000.000000,103592548448.000000,2025-04-29,-651000000.000000,45396000000.000000,,7663000000.000000,37733000000.000000,,6.898000,-1399000000.000000,547000000.000000,547000000.000000,4077000000.000000,1115000000.000000,0.782000,2.354000,13244000000.000000,1840000000.000000,11404000000.000000,13244000000.000000,0.000000,1247000000.000000,0.000000,0.018000,0.244000,1972000000.000000,3219000000.000000,0.440000,3219000000.000000,1972000000.000000,1749000000.000000,0.570000,0.560000,0.570000,13533000000.000000,,13533000000.000000,116289548448.000000,15.000000,8.988000,358000000.000000,0.182000,1.000000,3240000000.000000,0.443000,3124000000.000000,223000000.000000,45174000000.000000,,0.000000,2430000000.000000,0.000000,2430000000.000000,31863000000.000000,9795000000.000000,22068000000.000000,87000000.000000,88000000.000000,66000000.000000,23000000.000000,-455000000.000000,-366000000.000000,-1304000000.000000,5000000.000000,1757000000.000000,0.000000,1115000000.000000,1115000000.000000,1115000000.000000,0.000000,0.000000,0.152000,1247000000.000000,1993000000.000000,5959000000.000000,0.428000,7.655000,24.513000,24.650000,30044000000.000000,0.000000,52.750000,3.491000,3.488000,5376000000.000000,4034000000.000000,7317000000.000000,7317000000.000000,0.000000,,,,,0.000000,0.000000,1.000000,1963839781.000000,1962000000.000000,1962000000.000000,3.729000,42272000000.000000,678000000.000000,634000000.000000,4003000000.000000,21.545000
ARQ,1999-06-30,1999-08-06,1999-06-30,1999-Q2,-1503000000.000000,113611725843.000000,2025-04-29,-612000000.000000,46060000000.000000,,7873000000.000000,38187000000.000000,,7.334000,-1602000000.000000,848000000.000000,848000000.000000,4175000000.000000,1176000000.000000,0.840000,2.198000,12361000000.000000,1011000000.000000,11350000000.000000,12361000000.000000,0.000000,1273000000.000000,0.000000,0.017000,0.244000,2042000000.000000,3315000000.000000,0.448000,3315000000.000000,2042000000.000000,1829000000.000000,0.600000,0.590000,0.600000,14404000000.000000,,14404000000.000000,125124725843.000000,16.000000,9.358000,1416000000.000000,0.721000,1.000000,3220000000.000000,0.435000,3202000000.000000,213000000.000000,44995000000.000000,,0.000000,2430000000.000000,0.000000,2430000000.000000,31656000000.000000,9376000000.000000,22280000000.000000,301000000.000000,334000000.000000,79000000.000000,-1045000000.000000,-482000000.000000,-1448000000.000000,-1269000000.000000,0.000000,3018000000.000000,0.000000,1176000000.000000,1176000000.000000,1176000000.000000,0.000000,0.000000,0.159000,1273000000.000000,1947000000.000000,6095000000.000000,0.407000,7.888000,25.611000,26.131000,30358000000.000000,0.000000,57.750000,3.728000,3.722000,5342000000.000000,4731000000.000000,7395000000.000000,7395000000.000000,0.000000,,,,,0.000000,0.000000,1.000000,1967302612.000000,1964000000.000000,1964000000.000000,3.765000,42858000000.000000,666000000.000000,653000000.000000,4456000000.000000,21.822000
ARQ,1999-09-30,1999-11-12,1999-09-30,1999-Q3,-3710000000.000000,174185063260.000000,2025-04-29,-601000000.000000,49136000000.000000,,7533000000.000000,41603000000.000000,,7.770000,-1740000000.000000,267000000.000000,267000000.000000,4280000000.000000,1278000000.000000,0.670000,2.215000,13888000000.000000,2622000000.000000,11266000000.000000,13888000000.000000,0.000000,1378000000.000000,0.000000,0.019000,0.244000,2210000000.000000,3588000000.000000,0.462000,3588000000.000000,2210000000.000000,2005000000.000000,0.650000,0.640000,0.650000,15284000000.000000,,15284000000.000000,187806063260.000000,23.000000,13.734000,951000000.000000,0.483000,1.000000,3485000000.000000,0.449000,5758000000.000000,205000000.000000,45756000000.000000,,0.000000,2510000000.000000,0.000000,2510000000.000000,33852000000.000000,11243000000.000000,22609000000.000000,-581000000.000000,-1126000000.000000,31000000.000000,67000000.000000,-480000000.000000,-382000000.000000,-2890000000.000000,-25000000.000000,2691000000.000000,0.000000,1278000000.000000,1278000000.000000,1278000000.000000,0.000000,0.000000,0.165000,1378000000.000000,2107000000.000000,6332000000.000000,0.375000,11.397000,38.648000,23.209000,31197000000.000000,0.000000,51.060000,5.536000,3.192000,5524000000.000000,5529000000.000000,7765000000.000000,7765000000.000000,0.000000,,,,,0.000000,0.000000,1.000000,3411380009.000000,1967000000.000000,1967000000.000000,3.948000,43378000000.000000,663000000.000000,727000000.000000,4865000000.000000,22.053000
ARQ,1999-12-31,2000-03-10,1999-12-31,1999-Q4,-7383000000.000000,142774365846.000000,2025-04-29,-1062000000.000000,83215000000.000000,,11930000000.000000,71285000000.000000,,7.862000,-5563000000.000000,495000000.000000,495000000.000000,16806000000.000000,4590000000.000000,0.618000,2.114000,20849000000.000000,3374000000.000000,17475000000.000000,20849000000.000000,0.000000,4655000000.000000,0.000000,0.023000,0.244000,7645000000.000000,12300000000.000000,0.455000,12300000000.000000,7645000000.000000,6856000000.000000,0.570000,0.570000,0.570000,26726000000.000000,,26726000000.000000,163128365846.000000,12.000000,7.275000,3549000000.000000,1.044000,1.000000,10206000000.000000,0.378000,6796000000.000000,789000000.000000,77460000000.000000,,0.000000,10648000000.000000,0.000000,10648000000.000000,56489000000.000000,19313000000.000000,37176000000.000000,89000000.000000,424000000.000000,-714000000.000000,-1395000000.000000,-1870000000.000000,-3909000000.000000,-5114000000.000000,25000000.000000,9112000000.000000,0.000000,4590000000.000000,4590000000.000000,4590000000.000000,0.000000,0.000000,0.170000,4655000000.000000,5551000000.000000,15103000000.000000,0.428000,5.342000,17.499000,17.573000,46571000000.000000,0.000000,42.000000,2.885000,2.885000,9378000000.000000,13798000000.000000,27012000000.000000,27012000000.000000,0.000000,,,,,0.000000,0.000000,1.000000,3399389663.000000,3399389663.000000,,7.946000,76419000000.000000,767000000.000000,2266000000.000000,5210000000.000000,22.480000
ARQ,2000-03-31,2000-05-10,2000-03-31,2000-Q1,-12319000000.000000,153519617507.000000,2025-04-29,-1161000000.000000,89401000000.000000,,11986000000.000000,77415000000.000000,,8.225000,-2349000000.000000,678000000.000000,678000000.000000,7243000000.000000,1822000000.000000,0.493000,2.201000,25329000000.000000,8992000000.000000,16337000000.000000,25329000000.000000,0.000000,2263000000.000000,0.000000,0.022000,0.254000,3317000000.000000,5580000000.000000,0.443000,5580000000.000000,3317000000.000000,2961000000.000000,0.540000,0.530000,0.540000,27931000000.000000,,27931000000.000000,178170617507.000000,12.000000,7.189000,589000000.000000,0.173000,1.000000,5339000000.000000,0.424000,11194000000.000000,356000000.000000,78553000000.000000,,0.000000,11084000000.000000,0.000000,11084000000.000000,61470000000.000000,24305000000.000000,37165000000.000000,183000000.000000,-3718000000.000000,-224000000.000000,4341000000.000000,-834000000.000000,3312000000.000000,-6067000000.000000,0.000000,2938000000.000000,0.000000,1822000000.000000,1822000000.000000,1822000000.000000,0.000000,0.000000,0.145000,2263000000.000000,3076000000.000000,14447000000.000000,0.470000,5.496000,17.316000,19.123000,47132000000.000000,0.000000,45.130000,2.804000,2.799000,8759000000.000000,14774000000.000000,12582000000.000000,12582000000.000000,0.000000,,,,,0.000000,0.000000,1.000000,3401719865.000000,3396000000.000000,3396000000.000000,3.705000,78207000000.000000,572000000.000000,1139000000.000000,6052000000.000000,23.029000
ARQ,2000-06-30,2000-08-10,2000-06-30,2000-Q2,-13086000000.000000,143412381675.000000,2025-04-29,-1294000000.000000,91191000000.000000,,12473000000.000000,78718000000.000000,,8.355000,-2992000000.000000,813000000.000000,813000000.000000,7896000000.000000,1851000000.000000,0.488000,2.214000,25739000000.000000,9812000000.000000,15927000000.000000,25739000000.000000,0.000000,2317000000.000000,0.000000,0.024000,0.254000,3329000000.000000,5646000000.000000,0.427000,5646000000.000000,3329000000.000000,2913000000.000000,0.540000,0.540000,0.540000,28375000000.000000,,28375000000.000000,168338381675.000000,10.000000,6.209000,1005000000.000000,0.296000,1.000000,5315000000.000000,0.402000,11067000000.000000,416000000.000000,79491000000.000000,,0.000000,10918000000.000000,0.000000,10918000000.000000,62816000000.000000,25559000000.000000,37257000000.000000,135000000.000000,-31000000.000000,-496000000.000000,500000000.000000,-864000000.000000,-839000000.000000,-3023000000.000000,0.000000,3997000000.000000,0.000000,1851000000.000000,1851000000.000000,1851000000.000000,0.000000,0.000000,0.140000,2317000000.000000,2998000000.000000,14883000000.000000,0.470000,5.054000,15.031000,18.396000,48045000000.000000,0.000000,42.310000,2.368000,2.372000,9538000000.000000,15764000000.000000,13211000000.000000,13211000000.000000,0.000000,,,,,0.000000,0.000000,1.000000,3389562318.000000,3396000000.000000,3396000000.000000,3.890000,80124000000.000000,461000000.000000,1062000000.000000,6372000000.000000,23.594000
ARQ,2000-09-30,2000-11-13,2000-09-30,2000-Q3,-12847000000.000000,196328325424.000000,2025-04-29,-1246000000.000000,94576000000.000000,,13812000000.000000,80764000000.000000,,8.913000,-3861000000.000000,545000000.000000,545000000.000000,8245000000.000000,2999000000.000000,0.518000,2.133000,25303000000.000000,9413000000.000000,15890000000.000000,25303000000.000000,0.000000,2363000000.000000,0.000000,0.017000,0.254000,5126000000.000000,7489000000.000000,0.557000,7489000000.000000,5126000000.000000,4704000000.000000,0.890000,0.880000,0.890000,30190000000.000000,,30190000000.000000,221086325424.000000,11.000000,7.128000,150000000.000000,0.044000,1.000000,5209000000.000000,0.387000,12147000000.000000,422000000.000000,80528000000.000000,,0.000000,9937000000.000000,0.000000,9937000000.000000,64386000000.000000,26659000000.000000,37727000000.000000,-268000000.000000,1837000000.000000,-430000000.000000,-445000000.000000,-862000000.000000,-1722000000.000000,-2557000000.000000,-533000000.000000,4011000000.000000,0.000000,2999000000.000000,2999000000.000000,2999000000.000000,0.000000,0.000000,0.223000,2363000000.000000,2846000000.000000,12137000000.000000,0.285000,6.503000,17.433000,22.835000,49697000000.000000,0.000000,58.000000,2.963000,2.965000,10142000000.000000,17905000000.000000,13454000000.000000,13454000000.000000,0.000000,,,,,0.000000,0.000000,1.000000,3384971128.000000,3387000000.000000,3387000000.000000,3.972000,82429000000.000000,590000000.000000,1705000000.000000,11116000000.000000,24.337000
ARQ,2000-12-31,2001-03-12,2000-12-31,2000-Q4,-7141000000.000000,151471589278.000000,2025-04-29,-1307000000.000000,98651000000.000000,,23216000000.000000,75435000000.000000,,9.028000,-3922000000.000000,643000000.000000,643000000.000000,7611000000.000000,1295000000.000000,0.765000,2.238000,25962000000.000000,10470000000.000000,15492000000.000000,25962000000.000000,0.000000,2805000000.000000,0.000000,0.023000,0.254000,2708000000.000000,5513000000.000000,0.450000,5513000000.000000,2708000000.000000,2310000000.000000,0.380000,0.370000,0.380000,30463000000.000000,,30463000000.000000,176790589278.000000,12.000000,7.297000,-569000000.000000,-0.169000,1.000000,4628000000.000000,0.378000,5475000000.000000,398000000.000000,88138000000.000000,,0.000000,21946000000.000000,9568000000.000000,12378000000.000000,68188000000.000000,30357000000.000000,37831000000.000000,98000000.000000,1089000000.000000,-373000000.000000,732000000.000000,-858000000.000000,-499000000.000000,-2756000000.000000,78000000.000000,3353000000.000000,0.000000,1295000000.000000,1295000000.000000,1295000000.000000,0.000000,0.000000,0.106000,2805000000.000000,1823000000.000000,15432000000.000000,0.668000,4.972000,19.012000,19.102000,47195000000.000000,0.000000,44.890000,2.943000,2.943000,10144000000.000000,18341000000.000000,12239000000.000000,12239000000.000000,0.000000,,,,,0.000000,0.000000,1.000000,3374283566.000000,3374283566.000000,,3.627000,93176000000.000000,671000000.000000,1015000000.000000,10716000000.000000,27.614000
ARQ,2001-03-31,2001-05-11,2001-03-31,2001-Q1,-6211000000.000000,142296565612.000000,2025-04-29,-1568000000.000000,97325000000.000000,,21714000000.000000,75611000000.000000,,8.977000,-2807000000.000000,551000000.000000,551000000.000000,6083000000.000000,1854000000.000000,0.778000,2.210000,27204000000.000000,10643000000.000000,16561000000.000000,27204000000.000000,0.000000,2448000000.000000,0.000000,0.024000,0.256000,3334000000.000000,5782000000.000000,0.517000,5782000000.000000,3334000000.000000,2875000000.000000,0.550000,0.540000,0.550000,30316000000.000000,,30316000000.000000,168949565612.000000,12.000000,6.916000,-857000000.000000,-0.254000,1.000000,5107000000.000000,0.456000,5022000000.000000,459000000.000000,91031000000.000000,,0.000000,20537000000.000000,9138000000.000000,11399000000.000000,67009000000.000000,27925000000.000000,39084000000.000000,-92000000.000000,1402000000.000000,-975000000.000000,1174000000.000000,-859000000.000000,-1148000000.000000,-894000000.000000,510000000.000000,1950000000.000000,0.000000,1854000000.000000,1854000000.000000,1854000000.000000,0.000000,0.000000,0.166000,2448000000.000000,2659000000.000000,13770000000.000000,0.465000,4.694000,17.789000,17.903000,47550000000.000000,0.000000,42.250000,2.841000,2.848000,9315000000.000000,19333000000.000000,11190000000.000000,11190000000.000000,0.000000,,,,,0.000000,0.000000,1.000000,3367966050.000000,3377000000.000000,3377000000.000000,3.314000,92303000000.000000,612000000.000000,1021000000.000000,10235000000.000000,27.333000
ARQ,2001-06-30,2001-08-08,2001-06-30,2001-Q2,-10585000000.000000,144125342135.000000,2025-04-29,-1537000000.000000,95934000000.000000,,12574000000.000000,83360000000.000000,,9.283000,-2937000000.000000,649000000.000000,649000000.000000,6226000000.000000,2071000000.000000,0.543000,2.069000,27045000000.000000,8021000000.000000,19024000000.000000,27045000000.000000,0.000000,2174000000.000000,0.000000,0.024000,0.257000,3639000000.000000,5813000000.000000,0.506000,5813000000.000000,3639000000.000000,3214000000.000000,0.620000,0.610000,0.620000,31255000000.000000,,31255000000.000000,170521342135.000000,12.000000,6.933000,1690000000.000000,0.502000,1.000000,5251000000.000000,0.458000,4957000000.000000,425000000.000000,94214000000.000000,,0.000000,17699000000.000000,0.000000,17699000000.000000,64679000000.000000,23159000000.000000,41520000000.000000,98000000.000000,449000000.000000,-358000000.000000,-267000000.000000,-868000000.000000,-2040000000.000000,-2489000000.000000,0.000000,4627000000.000000,0.000000,2071000000.000000,2071000000.000000,2071000000.000000,0.000000,0.000000,0.180000,2174000000.000000,3077000000.000000,10808000000.000000,0.415000,4.611000,17.536000,17.570000,48559000000.000000,0.000000,42.870000,2.980000,2.985000,9208000000.000000,20544000000.000000,11477000000.000000,11477000000.000000,0.000000,,,,,0.000000,0.000000,1.000000,3361916075.000000,3367000000.000000,3367000000.000000,3.409000,90977000000.000000,574000000.000000,1143000000.000000,11166000000.000000,27.020000
ARQ,2001-09-30,2001-11-08,2001-09-30,2001-Q3,-10494000000.000000,127705688942.000000,2025-04-29,-1495000000.000000,95715000000.000000,,12624000000.000000,83091000000.000000,,9.670000,-2352000000.000000,562000000.000000,562000000.000000,6316000000.000000,2072000000.000000,0.546000,1.944000,25359000000.000000,7318000000.000000,18041000000.000000,25359000000.000000,0.000000,2200000000.000000,0.000000,0.027000,0.256000,3574000000.000000,5774000000.000000,0.509000,5774000000.000000,3574000000.000000,3197000000.000000,0.620000,0.610000,0.620000,32512000000.000000,,32512000000.000000,152502688942.000000,12.000000,6.665000,1797000000.000000,0.535000,1.000000,5022000000.000000,0.443000,4041000000.000000,377000000.000000,93353000000.000000,,0.000000,18130000000.000000,0.000000,18130000000.000000,63203000000.000000,23118000000.000000,40085000000.000000,-87000000.000000,495000000.000000,-51000000.000000,-1379000000.000000,-864000000.000000,-2379000000.000000,-1857000000.000000,0.000000,4149000000.000000,0.000000,2072000000.000000,2072000000.000000,2072000000.000000,0.000000,0.000000,0.183000,2200000000.000000,2822000000.000000,10582000000.000000,0.413000,3.928000,17.513000,17.507000,48872000000.000000,0.000000,37.990000,2.762000,2.762000,9319000000.000000,21751000000.000000,11338000000.000000,11338000000.000000,0.000000,,,,,0.000000,0.000000,1.000000,3361560646.000000,3362000000.000000,3362000000.000000,3.372000,91674000000.000000,549000000.000000,1125000000.000000,11967000000.000000,27.268000
ARQ,2001-12-31,2002-02-28,2001-12-31,2001-Q4,-11368000000.000000,126840425145.000000,2025-04-29,-1590000000.000000,96322000000.000000,,12580000000.000000,83742000000.000000,,9.693000,-3093000000.000000,703000000.000000,703000000.000000,7318000000.000000,1245000000.000000,0.525000,1.965000,26166000000.000000,9033000000.000000,17133000000.000000,26166000000.000000,0.000000,2255000000.000000,0.000000,0.027000,0.256000,2391000000.000000,4646000000.000000,0.390000,4646000000.000000,2391000000.000000,2053000000.000000,0.370000,0.360000,0.370000,32491000000.000000,,32491000000.000000,152303425145.000000,12.000000,6.918000,986000000.000000,0.294000,1.000000,4585000000.000000,0.385000,3577000000.000000,338000000.000000,94260000000.000000,,0.000000,17891000000.000000,0.000000,17891000000.000000,63831000000.000000,23948000000.000000,39883000000.000000,141000000.000000,-55000000.000000,-361000000.000000,746000000.000000,-865000000.000000,-791000000.000000,-3147000000.000000,0.000000,4079000000.000000,0.000000,1245000000.000000,1245000000.000000,1245000000.000000,0.000000,0.000000,0.105000,2255000000.000000,2330000000.000000,11459000000.000000,0.692000,3.904000,17.515000,17.600000,49827000000.000000,0.000000,37.840000,2.763000,2.763000,9376000000.000000,22138000000.000000,11903000000.000000,11903000000.000000,0.000000,,,,,0.000000,0.000000,1.000000,3352019692.000000,3352019692.000000,,3.551000,92745000000.000000,713000000.000000,808000000.000000,11450000000.000000,27.668000
ARQ,2002-03-31,2002-05-03,2002-03-31,2002-Q1,-9181000000.000000,104012927898.000000,2025-04-29,-1642000000.000000,94212000000.000000,,11892000000.000000,82320000000.000000,,9.244000,-1765000000.000000,830000000.000000,830000000.000000,6080000000.000000,-81000000.000000,0.564000,2.045000,27551000000.000000,8489000000.000000,19062000000.000000,27551000000.000000,0.000000,2136000000.000000,0.000000,0.033000,0.270000,1109000000.000000,3245000000.000000,0.308000,3245000000.000000,1109000000.000000,759000000.000000,-0.020000,-0.020000,-0.020000,30938000000.000000,,30938000000.000000,130733927898.000000,12.000000,6.712000,497000000.000000,0.148000,1.000000,4442000000.000000,0.422000,1656000000.000000,350000000.000000,98204000000.000000,,0.000000,18468000000.000000,0.000000,18468000000.000000,63274000000.000000,21073000000.000000,42201000000.000000,127000000.000000,-323000000.000000,-561000000.000000,1374000000.000000,-860000000.000000,-47000000.000000,-2088000000.000000,0.000000,2262000000.000000,0.000000,-81000000.000000,-81000000.000000,-81000000.000000,0.000000,0.000000,-0.008000,2136000000.000000,2306000000.000000,9683000000.000000,-13.500000,3.362000,19.599000,19.585000,49569000000.000000,0.000000,31.140000,2.299000,2.304000,8321000000.000000,21159000000.000000,10522000000.000000,10522000000.000000,0.000000,,,,,0.000000,0.000000,1.000000,3340171095.000000,3347000000.000000,3347000000.000000,3.144000,92556000000.000000,739000000.000000,840000000.000000,11153000000.000000,27.653000
ARQ,2002-06-30,2002-08-12,2002-06-30,2002-Q2,-8457000000.000000,89278495922.000000,2025-04-29,-1242000000.000000,94326000000.000000,,12328000000.000000,81998000000.000000,,9.519000,-1731000000.000000,543000000.000000,543000000.000000,6430000000.000000,1845000000.000000,0.593000,1.973000,25799000000.000000,7742000000.000000,18057000000.000000,25799000000.000000,0.000000,2156000000.000000,0.000000,0.039000,0.270000,3065000000.000000,5221000000.000000,0.482000,5221000000.000000,3065000000.000000,2725000000.000000,0.550000,0.550000,0.550000,31728000000.000000,,31728000000.000000,114534495922.000000,11.000000,6.065000,2640000000.000000,0.792000,1.000000,4413000000.000000,0.407000,1658000000.000000,340000000.000000,97139000000.000000,,0.000000,15515000000.000000,0.000000,15515000000.000000,62598000000.000000,20785000000.000000,41813000000.000000,-287000000.000000,316000000.000000,-565000000.000000,-1775000000.000000,-902000000.000000,-3243000000.000000,-1415000000.000000,0.000000,4371000000.000000,0.000000,1845000000.000000,1845000000.000000,1845000000.000000,0.000000,0.000000,0.170000,2156000000.000000,2257000000.000000,9642000000.000000,0.491000,2.814000,17.571000,17.664000,49270000000.000000,0.000000,26.850000,2.001000,2.006000,9392000000.000000,22088000000.000000,10843000000.000000,10843000000.000000,0.000000,,,,,0.000000,0.000000,1.000000,3325083647.000000,3333000000.000000,3333000000.000000,3.253000,92668000000.000000,775000000.000000,880000000.000000,12143000000.000000,27.803000
ARQ,2002-09-30,2002-11-13,2002-09-30,2002-Q3,-7122000000.000000,80747347612.000000,2025-04-29,-1310000000.000000,93863000000.000000,,11465000000.000000,82398000000.000000,,9.709000,-1502000000.000000,873000000.000000,873000000.000000,6287000000.000000,1770000000.000000,0.617000,1.898000,24067000000.000000,5134000000.000000,18933000000.000000,24067000000.000000,0.000000,2148000000.000000,0.000000,0.044000,0.270000,2988000000.000000,5136000000.000000,0.487000,5136000000.000000,2988000000.000000,2632000000.000000,0.530000,0.530000,0.530000,32389000000.000000,,32389000000.000000,103941347612.000000,11.000000,5.696000,2607000000.000000,0.781000,1.000000,4269000000.000000,0.404000,1658000000.000000,356000000.000000,96812000000.000000,,0.000000,16482000000.000000,0.000000,16482000000.000000,61474000000.000000,18587000000.000000,42887000000.000000,330000000.000000,464000000.000000,-146000000.000000,-1705000000.000000,-898000000.000000,-2741000000.000000,-1038000000.000000,0.000000,4109000000.000000,0.000000,1770000000.000000,1770000000.000000,1770000000.000000,0.000000,0.000000,0.168000,2148000000.000000,2121000000.000000,9634000000.000000,0.509000,2.493000,16.896000,17.007000,48736000000.000000,0.000000,24.320000,1.843000,1.851000,8348000000.000000,22957000000.000000,10556000000.000000,10556000000.000000,0.000000,,,,,0.000000,0.000000,1.000000,3320203438.000000,3336000000.000000,3336000000.000000,3.164000,92205000000.000000,730000000.000000,862000000.000000,12804000000.000000,27.639000
ARQ,2002-12-31,2003-03-14,2002-12-31,2002-Q4,-594000000.000000,69230346693.000000,2025-04-29,-2451000000.000000,95057000000.000000,,14089000000.000000,80968000000.000000,,9.998000,-1810000000.000000,3567000000.000000,3567000000.000000,7140000000.000000,2138000000.000000,0.960000,1.863000,22041000000.000000,3505000000.000000,18536000000.000000,22041000000.000000,0.000000,2138000000.000000,0.000000,0.052000,0.270000,2876000000.000000,5014000000.000000,0.447000,5014000000.000000,2876000000.000000,2540000000.000000,0.650000,,0.650000,33199000000.000000,,33199000000.000000,87704346693.000000,9.000000,4.716000,2658000000.000000,0.801000,1.000000,4077000000.000000,0.363000,1643000000.000000,336000000.000000,97205000000.000000,,0.000000,16392000000.000000,0.000000,16392000000.000000,61858000000.000000,14683000000.000000,47175000000.000000,2694000000.000000,3022000000.000000,-37000000.000000,-2033000000.000000,-897000000.000000,-2987000000.000000,1213000000.000000,0.000000,4468000000.000000,0.000000,2138000000.000000,2138000000.000000,2138000000.000000,0.000000,0.000000,0.191000,2138000000.000000,1939000000.000000,9413000000.000000,0.415000,2.085000,12.247000,12.265000,48490000000.000000,0.000000,20.850000,1.605000,1.605000,8540000000.000000,23802000000.000000,11217000000.000000,11217000000.000000,0.000000,,,,,0.000000,0.000000,1.000000,3320400321.000000,3320400321.000000,,3.378000,93414000000.000000,704000000.000000,402000000.000000,11840000000.000000,28.133000
ARQ,2003-03-31,2003-05-12,2003-03-31,2003-Q1,1074000000.000000,81864072284.000000,2025-04-29,-2098000000.000000,100798000000.000000,,14537000000.000000,86261000000.000000,,11.337000,-897000000.000000,4832000000.000000,4832000000.000000,4041000000.000000,5003000000.000000,1.080000,1.678000,20274000000.000000,1805000000.000000,18469000000.000000,20274000000.000000,0.000000,1996000000.000000,0.000000,0.046000,0.333000,6528000000.000000,8524000000.000000,0.825000,8524000000.000000,6528000000.000000,6211000000.000000,1.510000,1.500000,1.510000,37639000000.000000,,37639000000.000000,97306072284.000000,6.000000,4.072000,1738000000.000000,0.523000,1.000000,6292000000.000000,0.609000,1643000000.000000,317000000.000000,101134000000.000000,,0.000000,16871000000.000000,0.000000,16871000000.000000,63159000000.000000,13463000000.000000,49696000000.000000,1265000000.000000,2270000000.000000,21000000.000000,-1862000000.000000,-897000000.000000,-2738000000.000000,1368000000.000000,-5000000.000000,2635000000.000000,0.000000,5003000000.000000,5003000000.000000,5003000000.000000,0.000000,0.000000,0.484000,4394000000.000000,1898000000.000000,9013000000.000000,0.221000,2.175000,7.611000,7.605000,53399000000.000000,0.000000,24.640000,1.906000,1.905000,6337000000.000000,27702000000.000000,10333000000.000000,10333000000.000000,0.000000,,,,,0.000000,2398000000.000000,1.000000,3322405531.000000,3320000000.000000,3320000000.000000,3.112000,99155000000.000000,1490000000.000000,1208000000.000000,15242000000.000000,29.866000
ARQ,2003-06-30,2003-08-12,2003-06-30,2003-Q2,-239000000.000000,78436596395.000000,2025-04-29,-1713000000.000000,100651000000.000000,,14760000000.000000,85891000000.000000,,11.453000,-1072000000.000000,5139000000.000000,5139000000.000000,4035000000.000000,1388000000.000000,0.984000,1.636000,18528000000.000000,1790000000.000000,16738000000.000000,18528000000.000000,0.000000,1977000000.000000,0.000000,0.053000,0.383000,2447000000.000000,4424000000.000000,0.434000,4424000000.000000,2447000000.000000,2072000000.000000,0.420000,0.420000,0.420000,38183000000.000000,,38183000000.000000,91825596395.000000,6.000000,3.975000,3100000000.000000,0.930000,1.000000,6169000000.000000,0.605000,1643000000.000000,375000000.000000,97398000000.000000,,0.000000,17381000000.000000,0.000000,17381000000.000000,62468000000.000000,14999000000.000000,47469000000.000000,307000000.000000,350000000.000000,21000000.000000,-1782000000.000000,-1102000000.000000,-2863000000.000000,-1002000000.000000,-280000000.000000,4172000000.000000,0.000000,1388000000.000000,1388000000.000000,1388000000.000000,0.000000,0.000000,0.136000,4420000000.000000,1749000000.000000,8935000000.000000,0.912000,2.054000,7.616000,7.588000,52534000000.000000,0.000000,23.600000,1.854000,1.860000,5881000000.000000,27819000000.000000,10204000000.000000,10204000000.000000,0.000000,,,,,0.000000,2443000000.000000,1.000000,3323584593.000000,3334000000.000000,3334000000.000000,3.061000,99008000000.000000,1495000000.000000,684000000.000000,15955000000.000000,29.696000
ARQ,2003-09-30,2003-11-12,2003-09-30,2003-Q3,-829000000.000000,77966266819.000000,2025-04-29,-1729000000.000000,101308000000.000000,,14890000000.000000,86418000000.000000,,11.376000,-1266000000.000000,4940000000.000000,4940000000.000000,4244000000.000000,1216000000.000000,0.947000,1.674000,18257000000.000000,1900000000.000000,16357000000.000000,18257000000.000000,0.000000,1952000000.000000,0.000000,0.058000,0.383000,2095000000.000000,4047000000.000000,0.395000,4047000000.000000,2095000000.000000,1815000000.000000,0.370000,0.370000,0.370000,37892000000.000000,,37892000000.000000,91283266819.000000,7.000000,4.148000,2010000000.000000,0.603000,1.000000,5995000000.000000,0.586000,1622000000.000000,280000000.000000,97284000000.000000,,0.000000,17946000000.000000,261000000.000000,17685000000.000000,63416000000.000000,15719000000.000000,47697000000.000000,-199000000.000000,235000000.000000,-278000000.000000,-329000000.000000,-1272000000.000000,-1879000000.000000,-1596000000.000000,-565000000.000000,3276000000.000000,0.000000,1216000000.000000,1216000000.000000,1216000000.000000,0.000000,0.000000,0.119000,4385000000.000000,1610000000.000000,9339000000.000000,1.035000,2.058000,8.001000,7.983000,51983000000.000000,0.000000,23.550000,1.857000,1.868000,6140000000.000000,27769000000.000000,10239000000.000000,10239000000.000000,0.000000,,,,,0.000000,2433000000.000000,1.000000,3310669504.000000,3331000000.000000,3331000000.000000,3.074000,99686000000.000000,1511000000.000000,599000000.000000,16615000000.000000,29.927000
ARQ,2003-12-31,2004-03-11,2003-12-31,2003-Q4,-292000000.000000,79563267478.000000,2025-04-29,-1132000000.000000,100166000000.000000,,13968000000.000000,86198000000.000000,,11.561000,-1984000000.000000,4806000000.000000,4806000000.000000,4333000000.000000,898000000.000000,0.980000,1.619000,17939000000.000000,1879000000.000000,16060000000.000000,17939000000.000000,0.000000,1945000000.000000,0.000000,0.059000,0.312000,1606000000.000000,3551000000.000000,0.353000,3551000000.000000,1606000000.000000,1337000000.000000,0.270000,0.280000,0.270000,38248000000.000000,,38248000000.000000,92696267478.000000,7.000000,4.512000,1450000000.000000,0.438000,1.000000,5734000000.000000,0.570000,1611000000.000000,269000000.000000,97428000000.000000,,0.000000,18328000000.000000,378000000.000000,17950000000.000000,61918000000.000000,14260000000.000000,47658000000.000000,-134000000.000000,157000000.000000,-152000000.000000,-273000000.000000,-1268000000.000000,-1693000000.000000,-1875000000.000000,-48000000.000000,3434000000.000000,0.000000,898000000.000000,898000000.000000,898000000.000000,0.000000,0.000000,0.089000,4522000000.000000,1212000000.000000,10870000000.000000,1.156000,2.080000,9.355000,9.395000,52128000000.000000,0.000000,24.050000,1.948000,1.948000,6178000000.000000,27635000000.000000,10067000000.000000,10067000000.000000,0.000000,,,,,0.000000,2577000000.000000,1.000000,3308243970.000000,3308243970.000000,,3.043000,98555000000.000000,712000000.000000,439000000.000000,15777000000.000000,29.791000
ARQ,2004-03-31,2004-05-06,2004-03-31,2004-Q1,2347000000.000000,83790518409.000000,2025-04-29,-1067000000.000000,100419000000.000000,,15818000000.000000,84601000000.000000,,11.913000,-936000000.000000,7081000000.000000,7081000000.000000,4227000000.000000,1948000000.000000,1.174000,1.548000,17924000000.000000,2070000000.000000,15854000000.000000,17924000000.000000,0.000000,1923000000.000000,0.000000,0.055000,0.312000,3139000000.000000,5062000000.000000,0.500000,5062000000.000000,3139000000.000000,2908000000.000000,0.590000,0.590000,0.590000,39409000000.000000,,39409000000.000000,94633518409.000000,10.000000,5.539000,1108000000.000000,0.335000,1.000000,5901000000.000000,0.583000,1621000000.000000,231000000.000000,96170000000.000000,,0.000000,17541000000.000000,378000000.000000,17163000000.000000,61010000000.000000,13471000000.000000,47539000000.000000,2275000000.000000,2179000000.000000,63000000.000000,-142000000.000000,-1034000000.000000,-1113000000.000000,1344000000.000000,101000000.000000,2044000000.000000,0.000000,1948000000.000000,1948000000.000000,1948000000.000000,0.000000,0.000000,0.192000,4331000000.000000,1570000000.000000,9471000000.000000,0.529000,2.126000,15.374000,15.333000,51202000000.000000,0.000000,25.300000,2.062000,2.059000,5793000000.000000,28548000000.000000,10128000000.000000,10128000000.000000,0.000000,,,,,0.000000,2408000000.000000,1.000000,3311878198.000000,3308000000.000000,3308000000.000000,3.062000,98798000000.000000,644000000.000000,960000000.000000,16633000000.000000,29.866000
ARQ,2004-06-30,2004-08-05,2004-06-30,2004-Q2,6169000000.000000,83768898655.000000,2025-04-29,-1374000000.000000,100422000000.000000,,19957000000.000000,80465000000.000000,,11.860000,-1202000000.000000,11586000000.000000,11586000000.000000,4305000000.000000,1168000000.000000,1.447000,1.557000,17622000000.000000,2460000000.000000,15162000000.000000,17622000000.000000,0.000000,1888000000.000000,0.000000,0.052000,0.312000,1939000000.000000,3827000000.000000,0.371000,3827000000.000000,1939000000.000000,1703000000.000000,0.350000,0.350000,0.350000,39280000000.000000,,39280000000.000000,89804898655.000000,10.000000,5.447000,2545000000.000000,0.768000,1.000000,6009000000.000000,0.583000,1625000000.000000,236000000.000000,91045000000.000000,,0.000000,13771000000.000000,346000000.000000,13425000000.000000,61142000000.000000,13788000000.000000,47354000000.000000,4505000000.000000,2991000000.000000,30000000.000000,-77000000.000000,-1035000000.000000,-1082000000.000000,1840000000.000000,51000000.000000,3747000000.000000,0.000000,1168000000.000000,1168000000.000000,1168000000.000000,0.000000,0.000000,0.113000,4515000000.000000,1494000000.000000,9386000000.000000,0.891000,2.133000,16.017000,16.000000,50556000000.000000,0.000000,25.280000,2.056000,2.055000,5564000000.000000,28670000000.000000,10314000000.000000,10314000000.000000,0.000000,,,,,0.000000,2627000000.000000,1.000000,3313643143.000000,3312000000.000000,3312000000.000000,3.114000,98797000000.000000,575000000.000000,535000000.000000,16793000000.000000,29.830000
ARQ,2004-09-30,2004-11-05,2004-09-30,2004-Q3,7707000000.000000,87029615111.000000,2025-04-29,-1589000000.000000,101986000000.000000,,21112000000.000000,80874000000.000000,,12.133000,-1324000000.000000,13290000000.000000,13290000000.000000,4284000000.000000,2094000000.000000,1.575000,1.536000,18242000000.000000,1703000000.000000,16539000000.000000,18242000000.000000,0.000000,1889000000.000000,0.000000,0.048000,0.312000,2942000000.000000,4831000000.000000,0.469000,4831000000.000000,2942000000.000000,2704000000.000000,0.630000,0.630000,0.630000,40210000000.000000,,40210000000.000000,91981615111.000000,10.000000,5.326000,420000000.000000,0.127000,1.000000,6008000000.000000,0.584000,1625000000.000000,238000000.000000,91908000000.000000,,0.000000,13784000000.000000,204000000.000000,13580000000.000000,61776000000.000000,13405000000.000000,48371000000.000000,1704000000.000000,54000000.000000,58000000.000000,473000000.000000,-1036000000.000000,-505000000.000000,-1063000000.000000,207000000.000000,1744000000.000000,0.000000,2094000000.000000,2094000000.000000,2094000000.000000,-849000000.000000,0.000000,0.203000,4310000000.000000,1698000000.000000,9272000000.000000,0.495000,2.164000,14.248000,14.266000,50056000000.000000,0.000000,26.250000,2.133000,2.132000,5685000000.000000,29728000000.000000,10292000000.000000,10292000000.000000,0.000000,,,,,0.000000,2421000000.000000,1.000000,3315413909.000000,3314000000.000000,3314000000.000000,3.106000,100361000000.000000,251000000.000000,610000000.000000,16823000000.000000,30.284000
ARQ,2004-12-31,2005-03-11,2004-12-31,2004-Q4,-10393000000.000000,79282502640.000000,2025-04-29,-550000000.000000,108844000000.000000,,8541000000.000000,100303000000.000000,,12.261000,-1637000000.000000,760000000.000000,760000000.000000,4567000000.000000,677000000.000000,0.451000,1.687000,26965000000.000000,5734000000.000000,21231000000.000000,26965000000.000000,0.000000,1864000000.000000,0.000000,0.052000,0.323000,1076000000.000000,2940000000.000000,0.292000,2940000000.000000,1076000000.000000,758000000.000000,0.210000,0.200000,0.210000,40504000000.000000,,40504000000.000000,105487502640.000000,12.000000,6.332000,1783000000.000000,0.540000,1.000000,5486000000.000000,0.546000,1625000000.000000,318000000.000000,114490000000.000000,,0.000000,35584000000.000000,99000000.000000,35485000000.000000,68340000000.000000,18934000000.000000,49406000000.000000,-12530000000.000000,-21336000000.000000,-383000000.000000,8724000000.000000,-1036000000.000000,7305000000.000000,-22868000000.000000,105000000.000000,3420000000.000000,0.000000,677000000.000000,677000000.000000,677000000.000000,-59000000.000000,0.000000,0.067000,4347000000.000000,1139000000.000000,10038000000.000000,1.538000,1.957000,13.467000,13.483000,50046000000.000000,0.000000,24.000000,1.944000,1.944000,5480000000.000000,29352000000.000000,10053000000.000000,10053000000.000000,0.000000,,,,,0.000000,2483000000.000000,1.000000,3303437610.000000,3303437610.000000,,3.043000,107219000000.000000,566000000.000000,81000000.000000,17596000000.000000,32.457000
ARQ,2005-03-31,2005-05-06,2005-03-31,2005-Q1,-9577000000.000000,78019591062.000000,2025-04-29,-594000000.000000,106946000000.000000,,8014000000.000000,98932000000.000000,,12.233000,-1050000000.000000,427000000.000000,427000000.000000,4397000000.000000,885000000.000000,0.456000,1.647000,27112000000.000000,6175000000.000000,20937000000.000000,27112000000.000000,0.000000,1825000000.000000,0.000000,0.054000,0.323000,1654000000.000000,3479000000.000000,0.339000,3479000000.000000,1654000000.000000,1301000000.000000,0.270000,0.270000,0.270000,40404000000.000000,,40404000000.000000,104704591062.000000,14.000000,6.945000,206000000.000000,0.062000,1.000000,5851000000.000000,0.571000,1768000000.000000,353000000.000000,114272000000.000000,,0.000000,34851000000.000000,35000000.000000,34816000000.000000,66542000000.000000,17591000000.000000,48951000000.000000,-333000000.000000,500000000.000000,47000000.000000,189000000.000000,-1066000000.000000,-830000000.000000,-449000000.000000,101000000.000000,1256000000.000000,0.000000,885000000.000000,885000000.000000,885000000.000000,0.000000,0.000000,0.086000,4295000000.000000,1556000000.000000,9083000000.000000,1.196000,1.931000,16.173000,16.178000,49311000000.000000,0.000000,23.620000,1.907000,1.907000,5268000000.000000,29171000000.000000,10248000000.000000,10248000000.000000,0.000000,,,,,0.000000,2470000000.000000,1.000000,3303115625.000000,3303000000.000000,3303000000.000000,3.103000,105178000000.000000,552000000.000000,416000000.000000,16829000000.000000,31.843000
ARQ,2005-06-30,2005-08-05,2005-06-30,2005-Q2,-11104000000.000000,81309605595.000000,2025-04-29,-575000000.000000,105643000000.000000,,7822000000.000000,97821000000.000000,,12.261000,-1279000000.000000,406000000.000000,406000000.000000,4347000000.000000,1000000000.000000,0.413000,1.609000,25106000000.000000,6890000000.000000,18216000000.000000,25106000000.000000,0.000000,1809000000.000000,0.000000,0.052000,0.323000,1833000000.000000,3642000000.000000,0.353000,3642000000.000000,1833000000.000000,1484000000.000000,0.300000,0.300000,0.300000,40486000000.000000,,40486000000.000000,106009605595.000000,14.000000,7.119000,2505000000.000000,0.759000,1.000000,5981000000.000000,0.579000,1769000000.000000,349000000.000000,109648000000.000000,,0.000000,34182000000.000000,0.000000,34182000000.000000,65157000000.000000,18926000000.000000,46231000000.000000,-21000000.000000,596000000.000000,16000000.000000,-2108000000.000000,-1064000000.000000,-3156000000.000000,-649000000.000000,34000000.000000,3784000000.000000,0.000000,1000000000.000000,1000000000.000000,1000000000.000000,0.000000,0.000000,0.097000,4463000000.000000,1518000000.000000,9208000000.000000,1.077000,2.008000,17.463000,17.454000,48798000000.000000,0.000000,24.610000,1.987000,1.986000,5220000000.000000,29105000000.000000,10328000000.000000,10328000000.000000,0.000000,,,,,0.000000,2654000000.000000,1.000000,3303925461.000000,3302000000.000000,3302000000.000000,3.128000,103874000000.000000,545000000.000000,484000000.000000,17096000000.000000,31.458000
ARQ,2005-09-30,2005-11-04,2005-09-30,2005-Q3,-10194000000.000000,77635268473.000000,2025-04-29,-579000000.000000,104104000000.000000,,8102000000.000000,96002000000.000000,,12.190000,-1414000000.000000,433000000.000000,433000000.000000,4352000000.000000,1246000000.000000,0.443000,1.591000,23208000000.000000,5386000000.000000,17822000000.000000,23208000000.000000,0.000000,1803000000.000000,0.000000,0.055000,0.323000,2193000000.000000,3996000000.000000,0.387000,3996000000.000000,2193000000.000000,1844000000.000000,0.380000,0.380000,0.380000,40179000000.000000,,40179000000.000000,100410268473.000000,15.000000,7.143000,1929000000.000000,0.585000,1.000000,5968000000.000000,0.578000,1723000000.000000,349000000.000000,106860000000.000000,,0.000000,32945000000.000000,0.000000,32945000000.000000,63925000000.000000,18296000000.000000,45629000000.000000,27000000.000000,1464000000.000000,-443000000.000000,-1860000000.000000,-1066000000.000000,-3366000000.000000,50000000.000000,0.000000,3343000000.000000,0.000000,1246000000.000000,1246000000.000000,1246000000.000000,0.000000,0.000000,0.121000,4006000000.000000,1962000000.000000,9205000000.000000,0.850000,1.932000,20.387000,20.397000,48440000000.000000,0.000000,23.660000,1.896000,1.904000,5229000000.000000,28742000000.000000,10320000000.000000,10320000000.000000,0.000000,,,,,-3000000.000000,2203000000.000000,1.000000,3281287763.000000,3296000000.000000,3296000000.000000,3.131000,102381000000.000000,555000000.000000,598000000.000000,17757000000.000000,31.062000
ARQ,2005-12-31,2006-03-01,2005-12-31,2005-Q4,-10764000000.000000,108982451883.000000,2025-04-29,-574000000.000000,145632000000.000000,,14654000000.000000,130978000000.000000,,14.096000,-1833000000.000000,1224000000.000000,1224000000.000000,6014000000.000000,1655000000.000000,0.577000,1.663000,30570000000.000000,4455000000.000000,26115000000.000000,30570000000.000000,0.000000,2206000000.000000,0.000000,0.046000,0.333000,1494000000.000000,3700000000.000000,0.285000,3700000000.000000,1494000000.000000,1089000000.000000,0.470000,0.470000,0.470000,54690000000.000000,,54690000000.000000,138328451883.000000,19.000000,9.336000,2758000000.000000,0.711000,1.000000,6952000000.000000,0.536000,22558000000.000000,405000000.000000,127002000000.000000,,0.000000,33435000000.000000,0.000000,33435000000.000000,90942000000.000000,25418000000.000000,65524000000.000000,791000000.000000,1906000000.000000,-1031000000.000000,-1049000000.000000,-1060000000.000000,-3874000000.000000,74000000.000000,1000000.000000,4591000000.000000,0.000000,1655000000.000000,1655000000.000000,1655000000.000000,0.000000,0.000000,0.128000,5820000000.000000,1132000000.000000,17088000000.000000,0.709000,1.993000,22.771000,19.782000,58727000000.000000,0.000000,28.090000,2.485000,2.485000,9351000000.000000,29106000000.000000,12966000000.000000,12966000000.000000,0.000000,,,,,0.000000,3614000000.000000,1.000000,3879759768.000000,3879759768.000000,,3.342000,123074000000.000000,2011000000.000000,-566000000.000000,18508000000.000000,31.722000
ARQ,2006-03-31,2006-05-05,2006-03-31,2006-Q1,-10905000000.000000,100969909056.000000,2025-04-29,-568000000.000000,144437000000.000000,,13850000000.000000,130587000000.000000,,14.191000,-1821000000.000000,1057000000.000000,1057000000.000000,7128000000.000000,1445000000.000000,0.559000,1.622000,31541000000.000000,5712000000.000000,25829000000.000000,31541000000.000000,0.000000,2492000000.000000,0.000000,0.050000,0.333000,2621000000.000000,5113000000.000000,0.323000,5113000000.000000,2621000000.000000,2157000000.000000,0.370000,0.370000,0.370000,55089000000.000000,,55089000000.000000,131453909056.000000,16.000000,7.991000,637000000.000000,0.164000,1.000000,8707000000.000000,0.550000,21616000000.000000,464000000.000000,128550000000.000000,,0.000000,34406000000.000000,0.000000,34406000000.000000,89348000000.000000,24755000000.000000,64593000000.000000,-167000000.000000,-734000000.000000,201000000.000000,1010000000.000000,-1289000000.000000,-70000000.000000,-2555000000.000000,0.000000,2458000000.000000,0.000000,1445000000.000000,1445000000.000000,1445000000.000000,0.000000,0.000000,0.091000,6516000000.000000,2191000000.000000,15510000000.000000,0.900000,1.833000,18.887000,17.086000,58367000000.000000,0.000000,25.970000,2.042000,2.039000,8647000000.000000,29257000000.000000,15835000000.000000,15835000000.000000,0.000000,,,,,-8000000.000000,4024000000.000000,1.000000,3887944130.000000,3882000000.000000,3882000000.000000,4.079000,122821000000.000000,1874000000.000000,712000000.000000,17344000000.000000,31.639000
ARQ,2006-06-30,2006-08-04,2006-06-30,2006-Q2,-9397000000.000000,120292585002.000000,2025-04-29,-582000000.000000,144350000000.000000,,13635000000.000000,130715000000.000000,,14.274000,-2221000000.000000,1097000000.000000,1097000000.000000,6928000000.000000,1808000000.000000,0.592000,1.602000,30473000000.000000,3314000000.000000,27159000000.000000,30473000000.000000,0.000000,2486000000.000000,0.000000,0.043000,0.333000,3169000000.000000,5655000000.000000,0.358000,5655000000.000000,3169000000.000000,2697000000.000000,0.470000,0.460000,0.470000,55469000000.000000,,55469000000.000000,149668585002.000000,16.000000,8.106000,2474000000.000000,0.637000,1.000000,8882000000.000000,0.562000,21411000000.000000,472000000.000000,129283000000.000000,,0.000000,34803000000.000000,0.000000,34803000000.000000,88881000000.000000,23032000000.000000,65849000000.000000,40000000.000000,-43000000.000000,-113000000.000000,-1042000000.000000,-1292000000.000000,-2398000000.000000,-2257000000.000000,3000000.000000,4695000000.000000,0.000000,1808000000.000000,1808000000.000000,1808000000.000000,0.000000,0.000000,0.114000,6278000000.000000,2604000000.000000,15472000000.000000,0.709000,2.169000,19.547000,18.325000,58351000000.000000,0.000000,30.970000,2.190000,2.191000,8484000000.000000,29771000000.000000,15810000000.000000,15810000000.000000,0.000000,,,,,3000000.000000,3792000000.000000,1.000000,3884164837.000000,3886000000.000000,3886000000.000000,4.068000,122939000000.000000,1876000000.000000,889000000.000000,18036000000.000000,31.636000
ARQ,2006-09-30,2006-11-02,2006-09-30,2006-Q3,-10393000000.000000,130735532640.000000,2025-04-29,-566000000.000000,143892000000.000000,,13512000000.000000,130380000000.000000,,14.304000,-2116000000.000000,1251000000.000000,1251000000.000000,6664000000.000000,2165000000.000000,0.565000,1.597000,31512000000.000000,4713000000.000000,26799000000.000000,31512000000.000000,0.000000,2437000000.000000,0.000000,0.039000,0.333000,3675000000.000000,6112000000.000000,0.391000,6112000000.000000,3675000000.000000,3233000000.000000,0.560000,0.560000,0.560000,55401000000.000000,,55401000000.000000,160996532640.000000,15.000000,7.823000,1324000000.000000,0.342000,1.000000,8974000000.000000,0.574000,21113000000.000000,442000000.000000,129135000000.000000,,0.000000,35251000000.000000,0.000000,35251000000.000000,88491000000.000000,23905000000.000000,64586000000.000000,154000000.000000,101000000.000000,-984000000.000000,974000000.000000,-1292000000.000000,-1272000000.000000,-2014000000.000000,0.000000,3440000000.000000,0.000000,2165000000.000000,2165000000.000000,2165000000.000000,0.000000,0.000000,0.138000,6057000000.000000,2917000000.000000,14789000000.000000,0.595000,2.360000,18.484000,18.193000,57651000000.000000,0.000000,34.020000,2.170000,2.187000,8668000000.000000,30653000000.000000,15638000000.000000,15638000000.000000,0.000000,,,,,-5000000.000000,3620000000.000000,1.000000,3842902194.000000,3873000000.000000,3873000000.000000,4.038000,122779000000.000000,1598000000.000000,1068000000.000000,17678000000.000000,31.701000
ARQ,2006-12-31,2007-02-26,2006-12-31,2006-Q4,-14929000000.000000,234155338538.000000,2025-04-29,-5314000000.000000,270634000000.000000,,25553000000.000000,245081000000.000000,,18.504000,-2162000000.000000,2418000000.000000,2418000000.000000,6708000000.000000,1938000000.000000,0.631000,1.342000,59796000000.000000,9733000000.000000,50063000000.000000,59796000000.000000,0.000000,2492000000.000000,0.000000,0.036000,0.355000,3259000000.000000,5751000000.000000,0.362000,5751000000.000000,3259000000.000000,2794000000.000000,0.490000,0.500000,0.490000,115540000000.000000,,115540000000.000000,291533338538.000000,23.000000,12.882000,2860000000.000000,0.458000,1.000000,9183000000.000000,0.578000,127397000000.000000,465000000.000000,160133000000.000000,,0.000000,1995000000.000000,0.000000,1995000000.000000,155094000000.000000,40482000000.000000,114612000000.000000,1167000000.000000,696000000.000000,-1193000000.000000,-46000000.000000,-1280000000.000000,-2388000000.000000,-1467000000.000000,0.000000,5022000000.000000,0.000000,1938000000.000000,1938000000.000000,1938000000.000000,0.000000,0.000000,0.122000,6607000000.000000,2576000000.000000,25508000000.000000,0.724000,2.027000,31.832000,19.841000,94596000000.000000,0.000000,37.500000,3.714000,3.714000,16194000000.000000,30375000000.000000,15891000000.000000,15891000000.000000,0.000000,,,,,-8000000.000000,4115000000.000000,1.000000,6244142361.000000,6244142361.000000,,2.545000,143237000000.000000,3034000000.000000,856000000.000000,30613000000.000000,22.939000
ARQ,2007-03-31,2007-05-04,2007-03-31,2007-Q1,-10053000000.000000,243416160750.000000,2025-04-29,-5186000000.000000,268276000000.000000,,24693000000.000000,243583000000.000000,,18.317000,-3338000000.000000,2364000000.000000,2364000000.000000,11252000000.000000,2848000000.000000,0.711000,1.353000,62586000000.000000,7119000000.000000,55467000000.000000,62586000000.000000,3766000000.000000,5616000000.000000,0.000000,0.035000,0.355000,5341000000.000000,10957000000.000000,0.378000,10957000000.000000,5341000000.000000,4468000000.000000,0.460000,0.450000,0.460000,114006000000.000000,,114006000000.000000,303638160750.000000,20.000000,10.663000,1275000000.000000,0.205000,1.000000,17717000000.000000,0.612000,127022000000.000000,873000000.000000,166730000000.000000,,0.000000,2110000000.000000,0.000000,2110000000.000000,154270000000.000000,34746000000.000000,119524000000.000000,-54000000.000000,11000000.000000,-2318000000.000000,2708000000.000000,-2218000000.000000,-1865000000.000000,-2802000000.000000,518000000.000000,4613000000.000000,0.000000,2848000000.000000,2848000000.000000,2848000000.000000,0.000000,0.000000,0.098000,13053000000.000000,4664000000.000000,17949000000.000000,0.772000,2.135000,27.790000,19.939000,93592000000.000000,0.000000,39.480000,3.190000,3.220000,15580000000.000000,30972000000.000000,28969000000.000000,28969000000.000000,0.000000,,,,,-47000000.000000,7437000000.000000,1.000000,6165556250.000000,6224000000.000000,6224000000.000000,4.654000,141254000000.000000,2571000000.000000,1620000000.000000,24881000000.000000,22.695000
ARQ,2007-06-30,2007-08-03,2007-06-30,2007-Q2,-14146000000.000000,240604405556.000000,2025-04-29,-5066000000.000000,267346000000.000000,,24393000000.000000,242953000000.000000,,18.171000,-4122000000.000000,2570000000.000000,2570000000.000000,11478000000.000000,2904000000.000000,0.633000,1.394000,61671000000.000000,7701000000.000000,53970000000.000000,61671000000.000000,3567000000.000000,5416000000.000000,0.000000,0.035000,0.355000,5281000000.000000,10697000000.000000,0.363000,10697000000.000000,5281000000.000000,4402000000.000000,0.470000,0.470000,0.470000,111661000000.000000,,111661000000.000000,299705405556.000000,17.000000,8.942000,6266000000.000000,1.020000,1.000000,18000000000.000000,0.611000,125189000000.000000,879000000.000000,162719000000.000000,,0.000000,2342000000.000000,0.000000,2342000000.000000,155685000000.000000,38539000000.000000,117146000000.000000,206000000.000000,288000000.000000,-3334000000.000000,-842000000.000000,-2196000000.000000,-6349000000.000000,-3833000000.000000,-9000000.000000,10388000000.000000,0.000000,2904000000.000000,2904000000.000000,2904000000.000000,0.000000,0.000000,0.099000,13056000000.000000,4944000000.000000,19171000000.000000,0.755000,2.155000,24.414000,19.924000,94055000000.000000,0.000000,39.450000,2.674000,2.694000,15368000000.000000,31706000000.000000,29478000000.000000,29478000000.000000,0.000000,,,,,-60000000.000000,7640000000.000000,1.000000,6098970990.000000,6145000000.000000,6145000000.000000,4.797000,142157000000.000000,2360000000.000000,1498000000.000000,26573000000.000000,23.134000
ARQ,2007-09-30,2007-11-06,2007-09-30,2007-Q3,-12631000000.000000,242832942672.000000,2025-04-29,-5050000000.000000,267968000000.000000,,25543000000.000000,242425000000.000000,,18.261000,-4664000000.000000,2714000000.000000,2714000000.000000,11591000000.000000,3063000000.000000,0.669000,1.410000,60611000000.000000,6026000000.000000,54585000000.000000,60611000000.000000,3471000000.000000,5322000000.000000,0.000000,0.035000,0.355000,5449000000.000000,10771000000.000000,0.357000,10771000000.000000,5449000000.000000,4562000000.000000,0.500000,0.500000,0.500000,111174000000.000000,,111174000000.000000,300729942672.000000,16.000000,7.877000,4555000000.000000,0.748000,1.000000,18541000000.000000,0.615000,123896000000.000000,887000000.000000,163795000000.000000,,0.000000,2403000000.000000,0.000000,2403000000.000000,156794000000.000000,38174000000.000000,118620000000.000000,144000000.000000,461000000.000000,-1524000000.000000,-1255000000.000000,-2170000000.000000,-4958000000.000000,-4117000000.000000,75000000.000000,9219000000.000000,0.000000,3063000000.000000,3063000000.000000,3063000000.000000,0.000000,0.000000,0.102000,13237000000.000000,5304000000.000000,20239000000.000000,0.710000,2.184000,22.583000,20.854000,94446000000.000000,0.000000,40.040000,2.324000,2.333000,16305000000.000000,32606000000.000000,30132000000.000000,30132000000.000000,0.000000,,,,,-42000000.000000,7915000000.000000,1.000000,6064758808.000000,6088000000.000000,6088000000.000000,4.949000,144072000000.000000,2433000000.000000,1499000000.000000,29035000000.000000,23.665000
ARQ,2007-12-31,2008-02-27,2007-12-31,2007-Q4,-14588000000.000000,212457535699.000000,2025-04-29,-380000000.000000,275644000000.000000,,24686000000.000000,250958000000.000000,,19.114000,-5593000000.000000,1970000000.000000,1970000000.000000,11734000000.000000,3136000000.000000,0.629000,1.389000,64115000000.000000,6860000000.000000,57255000000.000000,64115000000.000000,3571000000.000000,5223000000.000000,0.000000,0.042000,0.400000,5640000000.000000,10863000000.000000,0.358000,10863000000.000000,5640000000.000000,4772000000.000000,0.520000,0.520000,0.520000,115367000000.000000,,115367000000.000000,274602535699.000000,13.000000,6.344000,4259000000.000000,0.706000,1.000000,18615000000.000000,0.613000,129115000000.000000,868000000.000000,169400000000.000000,,0.000000,2270000000.000000,0.000000,2270000000.000000,160277000000.000000,39274000000.000000,121003000000.000000,-744000000.000000,-2039000000.000000,-1228000000.000000,573000000.000000,-2159000000.000000,-2842000000.000000,-7754000000.000000,-130000000.000000,9852000000.000000,0.000000,3136000000.000000,3136000000.000000,3136000000.000000,0.000000,0.000000,0.103000,13123000000.000000,5492000000.000000,21399000000.000000,0.769000,1.842000,17.777000,18.051000,95890000000.000000,0.000000,35.200000,1.786000,1.786000,16185000000.000000,33297000000.000000,30349000000.000000,30349000000.000000,0.000000,,,,,-24000000.000000,7900000000.000000,1.000000,6035725446.000000,6035725446.000000,,5.028000,146529000000.000000,2044000000.000000,1636000000.000000,30116000000.000000,24.277000
ARQ,2008-03-31,2008-05-07,2008-03-31,2008-Q1,-18183000000.000000,230629620000.000000,2025-04-29,-556000000.000000,278199000000.000000,,23946000000.000000,254253000000.000000,,18.719000,-4178000000.000000,1963000000.000000,1963000000.000000,11775000000.000000,3461000000.000000,0.568000,1.478000,73490000000.000000,13301000000.000000,60189000000.000000,73490000000.000000,3677000000.000000,4903000000.000000,0.000000,0.039000,0.400000,6256000000.000000,11159000000.000000,0.363000,11159000000.000000,6256000000.000000,5391000000.000000,0.580000,0.570000,0.580000,112258000000.000000,,112258000000.000000,302156620000.000000,13.000000,6.948000,779000000.000000,0.130000,1.000000,18969000000.000000,0.617000,131095000000.000000,865000000.000000,176502000000.000000,,0.000000,2578000000.000000,0.000000,2578000000.000000,165941000000.000000,42129000000.000000,123812000000.000000,-7000000.000000,-3615000000.000000,-3968000000.000000,9145000000.000000,-2422000000.000000,2735000000.000000,-7699000000.000000,131000000.000000,4957000000.000000,0.000000,3461000000.000000,3461000000.000000,3461000000.000000,0.000000,0.000000,0.113000,12989000000.000000,5980000000.000000,18590000000.000000,0.690000,2.054000,18.356000,18.754000,96238000000.000000,0.000000,38.820000,1.911000,1.929000,15697000000.000000,34311000000.000000,30744000000.000000,30744000000.000000,0.000000,,,,,-7000000.000000,8086000000.000000,1.000000,5941000000.000000,5997000000.000000,5997000000.000000,5.127000,147104000000.000000,1934000000.000000,1930000000.000000,29389000000.000000,24.530000
ARQ,2008-06-30,2008-08-06,2008-06-30,2008-Q2,-21886000000.000000,181916910000.000000,2025-04-29,-504000000.000000,284508000000.000000,,23225000000.000000,261283000000.000000,,18.889000,-5142000000.000000,1631000000.000000,1631000000.000000,11900000000.000000,3772000000.000000,0.515000,1.542000,80147000000.000000,16472000000.000000,63675000000.000000,80147000000.000000,3573000000.000000,4958000000.000000,0.000000,0.050000,0.400000,6736000000.000000,11694000000.000000,0.379000,11694000000.000000,6736000000.000000,5882000000.000000,0.640000,0.630000,0.640000,111937000000.000000,,111937000000.000000,260432910000.000000,11.000000,5.854000,3406000000.000000,0.575000,1.000000,18966000000.000000,0.614000,136711000000.000000,854000000.000000,181202000000.000000,,0.000000,2838000000.000000,0.000000,2838000000.000000,172571000000.000000,45111000000.000000,127460000000.000000,-332000000.000000,-5849000000.000000,-1799000000.000000,6764000000.000000,-2380000000.000000,2494000000.000000,-11374000000.000000,-204000000.000000,8548000000.000000,0.000000,3772000000.000000,3772000000.000000,3772000000.000000,0.000000,0.000000,0.122000,12399000000.000000,6567000000.000000,18927000000.000000,0.625000,1.625000,13.544000,13.781000,97368000000.000000,0.000000,30.870000,1.490000,1.498000,15971000000.000000,35719000000.000000,30866000000.000000,30866000000.000000,0.000000,,,,,-7000000.000000,7441000000.000000,1.000000,5893000000.000000,5926000000.000000,5926000000.000000,5.209000,147797000000.000000,1407000000.000000,2110000000.000000,28918000000.000000,24.940000
ARQ,2008-09-30,2008-11-05,2008-09-30,2008-Q3,-21893000000.000000,159994950000.000000,2025-04-29,-862000000.000000,284528000000.000000,,23445000000.000000,261083000000.000000,,19.094000,-5068000000.000000,1594000000.000000,1594000000.000000,13070000000.000000,3230000000.000000,0.517000,1.529000,76774000000.000000,17419000000.000000,59355000000.000000,76774000000.000000,3896000000.000000,4978000000.000000,0.000000,0.059000,0.400000,5794000000.000000,10772000000.000000,0.344000,10772000000.000000,5794000000.000000,4936000000.000000,0.550000,0.550000,0.550000,112518000000.000000,,112518000000.000000,235174950000.000000,10.000000,5.286000,4200000000.000000,0.713000,1.000000,18272000000.000000,0.583000,135779000000.000000,858000000.000000,178591000000.000000,,0.000000,2839000000.000000,0.000000,2839000000.000000,172010000000.000000,45338000000.000000,126672000000.000000,-37000000.000000,822000000.000000,7000000.000000,-2940000000.000000,-2348000000.000000,-5259000000.000000,-4046000000.000000,406000000.000000,9268000000.000000,0.000000,3230000000.000000,3230000000.000000,3230000000.000000,0.000000,0.000000,0.103000,12654000000.000000,5618000000.000000,18690000000.000000,0.727000,1.422000,11.765000,11.856000,97771000000.000000,0.000000,27.150000,1.298000,1.298000,16395000000.000000,36613000000.000000,31342000000.000000,31342000000.000000,0.000000,,,,,-1000000.000000,7676000000.000000,1.000000,5893000000.000000,5893000000.000000,5893000000.000000,5.319000,148749000000.000000,1560000000.000000,1706000000.000000,30752000000.000000,25.242000
ARQ,2008-12-31,2009-02-25,2008-12-31,2008-Q4,-19734000000.000000,139730313973.000000,2025-04-29,-17057000000.000000,265245000000.000000,,22556000000.000000,242689000000.000000,,16.349000,-5288000000.000000,1792000000.000000,1792000000.000000,12923000000.000000,2404000000.000000,0.533000,1.753000,74991000000.000000,14119000000.000000,60872000000.000000,74991000000.000000,3849000000.000000,5044000000.000000,0.000000,0.068000,0.410000,4507000000.000000,9551000000.000000,0.307000,9551000000.000000,4507000000.000000,3694000000.000000,0.410000,0.410000,0.410000,96347000000.000000,,96347000000.000000,212929313973.000000,9.000000,4.932000,5595000000.000000,0.949000,1.000000,18153000000.000000,0.584000,135541000000.000000,813000000.000000,160613000000.000000,,0.000000,2332000000.000000,0.000000,2332000000.000000,168898000000.000000,42290000000.000000,126608000000.000000,198000000.000000,-715000000.000000,2000000.000000,-2546000000.000000,-2357000000.000000,-4661000000.000000,-6024000000.000000,171000000.000000,10883000000.000000,0.000000,2404000000.000000,2404000000.000000,2404000000.000000,0.000000,0.000000,0.077000,13255000000.000000,4898000000.000000,20032000000.000000,1.000000,1.450000,10.860000,10.926000,99088000000.000000,0.000000,23.710000,1.127000,1.127000,16047000000.000000,36591000000.000000,31076000000.000000,31076000000.000000,0.000000,,,,,0.000000,8211000000.000000,1.000000,5893307211.000000,5893307211.000000,,5.273000,129704000000.000000,1014000000.000000,1290000000.000000,21070000000.000000,22.009000
ARQ,2009-03-31,2009-05-07,2009-03-31,2009-Q1,-13511000000.000000,150155000000.000000,2025-04-29,-16855000000.000000,264358000000.000000,,23521000000.000000,240837000000.000000,,16.501000,-3173000000.000000,3812000000.000000,3812000000.000000,12242000000.000000,3201000000.000000,0.635000,1.713000,74350000000.000000,10790000000.000000,63560000000.000000,74350000000.000000,4065000000.000000,4886000000.000000,0.000000,0.064000,0.410000,5784000000.000000,10670000000.000000,0.349000,10670000000.000000,5784000000.000000,4935000000.000000,0.530000,0.530000,0.530000,97291000000.000000,,97291000000.000000,220693000000.000000,10.000000,5.170000,4742000000.000000,0.804000,1.000000,18329000000.000000,0.600000,134557000000.000000,849000000.000000,163307000000.000000,,0.000000,2413000000.000000,0.000000,2413000000.000000,166663000000.000000,37032000000.000000,129631000000.000000,2020000000.000000,181000000.000000,1000000.000000,280000000.000000,-2416000000.000000,-2738000000.000000,-3157000000.000000,-10000000.000000,7915000000.000000,0.000000,3126000000.000000,3126000000.000000,3126000000.000000,0.000000,75000000.000000,0.102000,12592000000.000000,5737000000.000000,17359000000.000000,0.774000,1.543000,11.982000,11.948000,98339000000.000000,0.000000,25.450000,1.212000,1.212000,14965000000.000000,37296000000.000000,30571000000.000000,30571000000.000000,0.000000,,,,,0.000000,7706000000.000000,1.000000,5900000000.000000,5896000000.000000,5896000000.000000,5.185000,129801000000.000000,957000000.000000,1809000000.000000,21775000000.000000,22.015000
ARQ,2009-06-30,2009-08-05,2009-06-30,2009-Q2,-9279000000.000000,151807000000.000000,2025-04-29,-16308000000.000000,267918000000.000000,,26940000000.000000,240978000000.000000,,16.713000,-3863000000.000000,7348000000.000000,7348000000.000000,12478000000.000000,3276000000.000000,0.744000,1.713000,76720000000.000000,10155000000.000000,66565000000.000000,76720000000.000000,3932000000.000000,4903000000.000000,0.000000,0.063000,0.410000,5690000000.000000,10593000000.000000,0.345000,10593000000.000000,5690000000.000000,4811000000.000000,0.540000,0.540000,0.540000,98609000000.000000,,98609000000.000000,221179000000.000000,10.000000,5.319000,4024000000.000000,0.682000,1.000000,18256000000.000000,0.594000,133820000000.000000,879000000.000000,167251000000.000000,,0.000000,2749000000.000000,0.000000,2749000000.000000,168906000000.000000,36219000000.000000,132687000000.000000,3536000000.000000,-37000000.000000,3000000.000000,1929000000.000000,-2418000000.000000,-265000000.000000,-4086000000.000000,-11000000.000000,7887000000.000000,0.000000,3198000000.000000,3198000000.000000,3198000000.000000,0.000000,78000000.000000,0.104000,12750000000.000000,5506000000.000000,18046000000.000000,0.759000,1.539000,12.695000,12.675000,98229000000.000000,0.000000,25.730000,1.227000,1.227000,14846000000.000000,38069000000.000000,30734000000.000000,30734000000.000000,0.000000,,,,,0.000000,7847000000.000000,1.000000,5900000000.000000,5900000000.000000,5900000000.000000,5.209000,134098000000.000000,964000000.000000,1613000000.000000,22021000000.000000,22.728000
ARQ,2009-09-30,2009-11-05,2009-09-30,2009-Q3,-7347000000.000000,153071940000.000000,2025-04-29,-16161000000.000000,266568000000.000000,,25921000000.000000,240647000000.000000,,16.874000,-4031000000.000000,6167000000.000000,6167000000.000000,12885000000.000000,3275000000.000000,0.779000,1.673000,72664000000.000000,6755000000.000000,65909000000.000000,72664000000.000000,4036000000.000000,4910000000.000000,0.000000,0.063000,0.410000,5513000000.000000,10423000000.000000,0.338000,10423000000.000000,5513000000.000000,4660000000.000000,0.540000,0.540000,0.540000,99573000000.000000,,99573000000.000000,219568940000.000000,10.000000,5.325000,5648000000.000000,0.957000,1.000000,17970000000.000000,0.582000,133143000000.000000,853000000.000000,166654000000.000000,,0.000000,2813000000.000000,0.000000,2813000000.000000,166567000000.000000,33268000000.000000,133299000000.000000,-1181000000.000000,-123000000.000000,4000000.000000,-4136000000.000000,-2418000000.000000,-6534000000.000000,-4326000000.000000,7000000.000000,9679000000.000000,0.000000,3192000000.000000,3192000000.000000,3192000000.000000,0.000000,83000000.000000,0.103000,12582000000.000000,5388000000.000000,18093000000.000000,0.759000,1.537000,12.842000,12.842000,98321000000.000000,0.000000,25.940000,1.242000,1.242000,14796000000.000000,38841000000.000000,30855000000.000000,30855000000.000000,0.000000,,,,,0.000000,7672000000.000000,1.000000,5901000000.000000,5901000000.000000,5901000000.000000,5.229000,133425000000.000000,991000000.000000,1468000000.000000,24244000000.000000,22.611000
ARQ,2009-12-31,2010-02-25,2009-12-31,2009-Q4,-12371000000.000000,146194383829.000000,2025-04-29,-14408000000.000000,268752000000.000000,,24334000000.000000,244418000000.000000,,17.265000,-5528000000.000000,3802000000.000000,3802000000.000000,12800000000.000000,3091000000.000000,0.663000,1.633000,72081000000.000000,7361000000.000000,64720000000.000000,72081000000.000000,4170000000.000000,5015000000.000000,0.000000,0.067000,0.420000,5083000000.000000,10098000000.000000,0.327000,10098000000.000000,5083000000.000000,4285000000.000000,0.510000,0.510000,0.510000,101900000000.000000,,101900000000.000000,214473383829.000000,10.000000,5.133000,3436000000.000000,0.582000,1.000000,18058000000.000000,0.585000,135082000000.000000,798000000.000000,165244000000.000000,,0.000000,2921000000.000000,0.000000,2921000000.000000,166427000000.000000,36705000000.000000,129722000000.000000,-2365000000.000000,-717000000.000000,20000000.000000,-2476000000.000000,-2418000000.000000,-4973000000.000000,-6356000000.000000,69000000.000000,8964000000.000000,0.000000,3019000000.000000,3019000000.000000,3019000000.000000,0.000000,72000000.000000,0.098000,13197000000.000000,4861000000.000000,20999000000.000000,0.824000,1.435000,11.663000,11.684000,100093000000.000000,0.000000,24.770000,1.188000,1.188000,14978000000.000000,39366000000.000000,30858000000.000000,30858000000.000000,0.000000,,,,,0.000000,8182000000.000000,1.000000,5902074438.000000,5902074438.000000,,5.228000,133670000000.000000,1274000000.000000,1266000000.000000,25499000000.000000,22.648000
ARQ,2010-03-31,2010-05-06,2010-03-31,2010-Q1,-14344000000.000000,148552260000.000000,2025-04-29,-14265000000.000000,265701000000.000000,,22362000000.000000,243339000000.000000,,17.277000,-3156000000.000000,2617000000.000000,2617000000.000000,12329000000.000000,2562000000.000000,0.609000,1.600000,69461000000.000000,9437000000.000000,60024000000.000000,69461000000.000000,4061000000.000000,4826000000.000000,0.000000,0.066000,0.420000,6118000000.000000,10944000000.000000,0.357000,10944000000.000000,6118000000.000000,5351000000.000000,0.420000,0.420000,0.420000,102023000000.000000,,102023000000.000000,215396260000.000000,10.000000,5.121000,4097000000.000000,0.694000,1.000000,18320000000.000000,0.598000,134384000000.000000,767000000.000000,161455000000.000000,,0.000000,3278000000.000000,0.000000,3278000000.000000,163235000000.000000,36706000000.000000,126529000000.000000,-1185000000.000000,-177000000.000000,3000000.000000,-2189000000.000000,-2479000000.000000,-4909000000.000000,-3529000000.000000,-20000000.000000,7253000000.000000,0.000000,2475000000.000000,2475000000.000000,2475000000.000000,0.000000,87000000.000000,0.081000,12310000000.000000,6010000000.000000,18087000000.000000,1.000000,1.456000,12.500000,12.507000,99360000000.000000,0.000000,25.140000,1.207000,1.206000,14167000000.000000,39373000000.000000,30649000000.000000,30649000000.000000,0.000000,,,,,0.000000,7484000000.000000,1.000000,5909000000.000000,5905000000.000000,5905000000.000000,5.190000,131317000000.000000,1293000000.000000,2876000000.000000,28159000000.000000,22.238000
ARQ,2010-06-30,2010-08-06,2010-06-30,2010-Q2,-14790000000.000000,156824860000.000000,2025-04-29,-14852000000.000000,267556000000.000000,,21392000000.000000,246164000000.000000,,17.439000,-4700000000.000000,1377000000.000000,1377000000.000000,12381000000.000000,4101000000.000000,0.591000,1.592000,69998000000.000000,9721000000.000000,60277000000.000000,69998000000.000000,3943000000.000000,4812000000.000000,0.000000,0.063000,0.420000,6950000000.000000,11762000000.000000,0.382000,11762000000.000000,6950000000.000000,6196000000.000000,0.680000,0.680000,0.680000,103046000000.000000,,103046000000.000000,225445860000.000000,10.000000,5.215000,3857000000.000000,0.653000,1.000000,18427000000.000000,0.598000,135027000000.000000,754000000.000000,164968000000.000000,,0.000000,4346000000.000000,0.000000,4346000000.000000,164073000000.000000,36182000000.000000,127891000000.000000,-1179000000.000000,-2363000000.000000,2000000.000000,808000000.000000,-2481000000.000000,-1962000000.000000,-7774000000.000000,-525000000.000000,8557000000.000000,0.000000,4023000000.000000,4023000000.000000,4023000000.000000,4000000.000000,78000000.000000,0.131000,12313000000.000000,6114000000.000000,18157000000.000000,0.618000,1.522000,12.340000,12.344000,100302000000.000000,0.000000,26.540000,1.273000,1.273000,13780000000.000000,40909000000.000000,30808000000.000000,30808000000.000000,0.000000,,,,,0.000000,7475000000.000000,1.000000,5909000000.000000,5909000000.000000,5937000000.000000,5.214000,132529000000.000000,1225000000.000000,2173000000.000000,27494000000.000000,22.428000
ARQ,2010-09-30,2010-11-05,2010-09-30,2010-Q3,-10697000000.000000,172985700000.000000,2025-04-29,-14888000000.000000,269252000000.000000,,21977000000.000000,247275000000.000000,,19.122000,-5314000000.000000,3246000000.000000,3246000000.000000,13519000000.000000,12417000000.000000,0.673000,1.380000,68966000000.000000,6426000000.000000,62540000000.000000,68966000000.000000,3933000000.000000,4891000000.000000,0.000000,0.057000,0.420000,6508000000.000000,11399000000.000000,0.361000,11399000000.000000,6508000000.000000,5779000000.000000,2.090000,2.080000,2.090000,112994000000.000000,,112994000000.000000,238705700000.000000,10.000000,5.400000,4226000000.000000,0.715000,1.000000,18062000000.000000,0.572000,134454000000.000000,729000000.000000,167844000000.000000,,0.000000,4544000000.000000,0.000000,4544000000.000000,155959000000.000000,32674000000.000000,123285000000.000000,1869000000.000000,1746000000.000000,19000000.000000,-1697000000.000000,-2476000000.000000,-4018000000.000000,-3653000000.000000,108000000.000000,9540000000.000000,0.000000,12339000000.000000,12339000000.000000,12339000000.000000,-780000000.000000,78000000.000000,0.391000,12598000000.000000,5464000000.000000,18417000000.000000,0.201000,1.531000,7.915000,7.911000,101475000000.000000,0.000000,29.270000,1.396000,1.396000,13606000000.000000,50751000000.000000,31581000000.000000,31581000000.000000,0.000000,,,,,0.000000,7707000000.000000,1.000000,5910000000.000000,5909000000.000000,5938000000.000000,5.345000,134798000000.000000,1059000000.000000,-6560000000.000000,22067000000.000000,22.812000
ARQ,2010-12-31,2011-03-01,2010-12-31,2010-Q4,-14000000000.000000,165993050434.000000,2025-04-29,2712000000.000000,268488000000.000000,,19951000000.000000,248537000000.000000,,18.887000,-6360000000.000000,1437000000.000000,1437000000.000000,14028000000.000000,1099000000.000000,0.588000,1.402000,66167000000.000000,7196000000.000000,58971000000.000000,66167000000.000000,4086000000.000000,4850000000.000000,0.000000,0.060000,0.430000,2123000000.000000,6973000000.000000,0.222000,6973000000.000000,2123000000.000000,1377000000.000000,0.170000,0.180000,0.170000,111647000000.000000,,111647000000.000000,230723050434.000000,11.000000,5.617000,3283000000.000000,0.555000,1.000000,17333000000.000000,0.553000,134121000000.000000,746000000.000000,165146000000.000000,,0.000000,4515000000.000000,0.000000,4515000000.000000,156538000000.000000,33951000000.000000,122587000000.000000,-1809000000.000000,-282000000.000000,26000000.000000,-2389000000.000000,-2480000000.000000,-4959000000.000000,-6493000000.000000,337000000.000000,9643000000.000000,0.000000,1027000000.000000,1027000000.000000,1027000000.000000,-2000000.000000,72000000.000000,0.033000,15345000000.000000,1988000000.000000,20055000000.000000,2.529000,1.487000,8.356000,8.357000,103196000000.000000,0.000000,28.080000,1.336000,1.336000,13610000000.000000,31792000000.000000,31361000000.000000,31361000000.000000,0.000000,,,,,0.000000,10495000000.000000,1.000000,5911433420.000000,5911433420.000000,,5.305000,134367000000.000000,1170000000.000000,350000000.000000,22142000000.000000,22.730000
ARQ,2011-03-31,2011-05-06,2011-03-31,2011-Q1,-13517000000.000000,185121720000.000000,2025-04-29,2713000000.000000,268085000000.000000,,19737000000.000000,248348000000.000000,,18.995000,-4133000000.000000,1391000000.000000,1391000000.000000,13403000000.000000,3468000000.000000,0.594000,1.379000,65028000000.000000,6902000000.000000,58126000000.000000,65028000000.000000,3959000000.000000,4584000000.000000,0.000000,0.054000,0.430000,6056000000.000000,10640000000.000000,0.341000,10640000000.000000,6056000000.000000,5210000000.000000,0.570000,0.570000,0.570000,112544000000.000000,,112544000000.000000,248758720000.000000,11.000000,6.101000,3599000000.000000,0.607000,1.000000,17844000000.000000,0.571000,133575000000.000000,846000000.000000,164893000000.000000,,0.000000,4845000000.000000,0.000000,4845000000.000000,155242000000.000000,33254000000.000000,121988000000.000000,-46000000.000000,-43000000.000000,18000000.000000,-1300000000.000000,-2540000000.000000,-3703000000.000000,-4075000000.000000,127000000.000000,7732000000.000000,0.000000,3408000000.000000,3408000000.000000,3408000000.000000,0.000000,60000000.000000,0.109000,12036000000.000000,5808000000.000000,18349000000.000000,0.754000,1.645000,8.901000,8.906000,103369000000.000000,0.000000,31.260000,1.481000,1.482000,13246000000.000000,32649000000.000000,31247000000.000000,31247000000.000000,0.000000,,,,,0.000000,7452000000.000000,1.000000,5922000000.000000,5925000000.000000,5945000000.000000,5.274000,134510000000.000000,1157000000.000000,1802000000.000000,24648000000.000000,22.702000
ARQ,2011-06-30,2011-08-05,2011-06-30,2011-Q2,-11298000000.000000,171439180000.000000,2025-04-29,2720000000.000000,272014000000.000000,,22239000000.000000,249775000000.000000,,19.185000,-5272000000.000000,3831000000.000000,3831000000.000000,13332000000.000000,3658000000.000000,0.663000,1.388000,66573000000.000000,7910000000.000000,58663000000.000000,66573000000.000000,3804000000.000000,4602000000.000000,0.000000,0.059000,0.430000,6332000000.000000,10934000000.000000,0.347000,10934000000.000000,6332000000.000000,5484000000.000000,0.600000,0.600000,0.600000,113803000000.000000,,113803000000.000000,234181180000.000000,11.000000,5.862000,3753000000.000000,0.633000,1.000000,18163000000.000000,0.577000,133044000000.000000,848000000.000000,168175000000.000000,,0.000000,5207000000.000000,0.000000,5207000000.000000,157905000000.000000,33537000000.000000,124368000000.000000,2440000000.000000,11000000.000000,181000000.000000,1392000000.000000,-2542000000.000000,-1210000000.000000,-5375000000.000000,-82000000.000000,9025000000.000000,0.000000,3591000000.000000,3591000000.000000,3591000000.000000,0.000000,67000000.000000,0.114000,11998000000.000000,6165000000.000000,18145000000.000000,0.717000,1.506000,8.418000,8.434000,104606000000.000000,0.000000,28.930000,1.364000,1.365000,13608000000.000000,33687000000.000000,31495000000.000000,31495000000.000000,0.000000,,,,,0.000000,7396000000.000000,1.000000,5926000000.000000,5932000000.000000,5953000000.000000,5.309000,138970000000.000000,1180000000.000000,1893000000.000000,26195000000.000000,23.427000
ARQ,2011-09-30,2011-11-03,2011-09-30,2011-Q3,-5426000000.000000,174461440000.000000,2025-04-29,1677000000.000000,277653000000.000000,,28605000000.000000,249048000000.000000,,19.140000,-5220000000.000000,10762000000.000000,10762000000.000000,13165000000.000000,3686000000.000000,0.841000,1.441000,71226000000.000000,8900000000.000000,62326000000.000000,71226000000.000000,3794000000.000000,4618000000.000000,0.000000,0.058000,0.430000,6411000000.000000,11029000000.000000,0.350000,11029000000.000000,6411000000.000000,5522000000.000000,0.610000,0.610000,0.610000,113615000000.000000,,113615000000.000000,234925440000.000000,11.000000,5.936000,5173000000.000000,0.871000,1.000000,18313000000.000000,0.582000,132565000000.000000,889000000.000000,171521000000.000000,,0.000000,4483000000.000000,0.000000,4483000000.000000,163771000000.000000,34031000000.000000,129740000000.000000,6931000000.000000,-322000000.000000,17000000.000000,4925000000.000000,-2545000000.000000,2113000000.000000,-5575000000.000000,0.000000,10393000000.000000,0.000000,3623000000.000000,3623000000.000000,3623000000.000000,0.000000,63000000.000000,0.115000,12078000000.000000,6235000000.000000,17860000000.000000,0.705000,1.536000,14.977000,15.097000,105786000000.000000,0.000000,29.440000,1.389000,1.392000,13377000000.000000,34758000000.000000,31478000000.000000,31478000000.000000,0.000000,,,,,0.000000,7460000000.000000,1.000000,5926000000.000000,5936000000.000000,5954000000.000000,5.303000,145088000000.000000,1101000000.000000,1899000000.000000,27375000000.000000,24.442000
ARQ,2011-12-31,2012-02-24,2011-12-31,2011-Q4,-7767000000.000000,179878325243.000000,2025-04-29,3180000000.000000,270344000000.000000,,23027000000.000000,247317000000.000000,,17.800000,-5485000000.000000,3185000000.000000,3185000000.000000,17474000000.000000,-6628000000.000000,0.748000,1.559000,64753000000.000000,3453000000.000000,61300000000.000000,64753000000.000000,3872000000.000000,4573000000.000000,0.000000,0.057000,0.440000,-8788000000.000000,-4215000000.000000,-0.130000,-4215000000.000000,-8788000000.000000,-9740000000.000000,-1.130000,-1.130000,-1.130000,105534000000.000000,,105534000000.000000,241446325243.000000,24.000000,8.505000,2013000000.000000,0.340000,1.000000,15029000000.000000,0.462000,130185000000.000000,952000000.000000,170933000000.000000,,0.000000,3718000000.000000,0.000000,3718000000.000000,164547000000.000000,30794000000.000000,133753000000.000000,-7577000000.000000,-713000000.000000,21000000.000000,-6280000000.000000,-2545000000.000000,-8850000000.000000,-6225000000.000000,17000000.000000,7498000000.000000,0.000000,-6678000000.000000,-6678000000.000000,-6678000000.000000,0.000000,50000000.000000,-0.205000,24019000000.000000,-8990000000.000000,19858000000.000000,-0.389000,1.704000,45.608000,45.970000,107087000000.000000,0.000000,30.340000,1.419000,1.419000,13606000000.000000,25453000000.000000,32503000000.000000,32503000000.000000,0.000000,,,,,0.000000,16536000000.000000,1.000000,5928751656.000000,5928751656.000000,,5.482000,140159000000.000000,1470000000.000000,-3062000000.000000,26751000000.000000,23.641000
ARQ,2012-03-31,2012-05-04,2012-03-31,2012-Q1,-11755000000.000000,192658180000.000000,2025-04-29,3386000000.000000,269356000000.000000,,20765000000.000000,248591000000.000000,,17.725000,-4261000000.000000,2442000000.000000,2442000000.000000,12913000000.000000,3652000000.000000,0.639000,1.565000,65709000000.000000,6775000000.000000,58934000000.000000,65709000000.000000,3966000000.000000,4560000000.000000,0.000000,0.053000,0.440000,6308000000.000000,10868000000.000000,0.342000,10868000000.000000,6308000000.000000,5449000000.000000,0.600000,0.600000,0.600000,104899000000.000000,,104899000000.000000,255925180000.000000,25.000000,8.943000,3535000000.000000,0.597000,1.000000,18909000000.000000,0.594000,130299000000.000000,859000000.000000,169804000000.000000,,0.000000,4302000000.000000,0.000000,4302000000.000000,164169000000.000000,32520000000.000000,131649000000.000000,-743000000.000000,-417000000.000000,-1848000000.000000,782000000.000000,-2606000000.000000,-3802000000.000000,-4737000000.000000,5000000.000000,7796000000.000000,0.000000,3584000000.000000,3584000000.000000,3584000000.000000,0.000000,68000000.000000,0.113000,12808000000.000000,6101000000.000000,17593000000.000000,0.733000,1.837000,46.762000,48.324000,107231000000.000000,0.000000,32.860000,1.513000,1.528000,13167000000.000000,26446000000.000000,31822000000.000000,31822000000.000000,0.000000,,,,,0.000000,8248000000.000000,1.000000,5863000000.000000,5918000000.000000,5940000000.000000,5.377000,139057000000.000000,1463000000.000000,1865000000.000000,27737000000.000000,23.497000
ARQ,2012-06-30,2012-08-03,2012-06-30,2012-Q2,-10546000000.000000,216799020000.000000,2025-04-29,2939000000.000000,266294000000.000000,,19156000000.000000,247138000000.000000,,17.640000,-4481000000.000000,2151000000.000000,2151000000.000000,12369000000.000000,3965000000.000000,0.645000,1.575000,64534000000.000000,3402000000.000000,61132000000.000000,64534000000.000000,3743000000.000000,4499000000.000000,0.000000,0.047000,0.440000,6909000000.000000,11408000000.000000,0.361000,11408000000.000000,6909000000.000000,5968000000.000000,0.670000,0.660000,0.670000,103280000000.000000,,103280000000.000000,279182020000.000000,26.000000,9.597000,5182000000.000000,0.885000,1.000000,19206000000.000000,0.608000,128670000000.000000,941000000.000000,170305000000.000000,,0.000000,4388000000.000000,0.000000,4388000000.000000,162715000000.000000,29702000000.000000,133013000000.000000,-291000000.000000,740000000.000000,-2399000000.000000,-882000000.000000,-2581000000.000000,-6266000000.000000,-3688000000.000000,119000000.000000,9663000000.000000,0.000000,3902000000.000000,3902000000.000000,3902000000.000000,0.000000,63000000.000000,0.124000,12389000000.000000,6817000000.000000,16298000000.000000,0.657000,2.099000,48.928000,50.107000,107483000000.000000,0.000000,37.580000,1.702000,1.727000,12430000000.000000,27788000000.000000,31575000000.000000,31575000000.000000,0.000000,,,,,0.000000,7890000000.000000,1.000000,5769000000.000000,5855000000.000000,5876000000.000000,5.393000,137624000000.000000,1418000000.000000,2066000000.000000,29716000000.000000,23.505000
ARQ,2012-09-30,2012-11-02,2012-09-30,2012-Q3,-11840000000.000000,198402400000.000000,2025-04-29,3106000000.000000,266849000000.000000,,18958000000.000000,247891000000.000000,,17.494000,-4877000000.000000,2217000000.000000,2217000000.000000,12718000000.000000,3701000000.000000,0.616000,1.640000,63747000000.000000,3433000000.000000,60314000000.000000,63747000000.000000,3709000000.000000,4512000000.000000,0.000000,0.050000,0.440000,6200000000.000000,10712000000.000000,0.341000,10712000000.000000,6200000000.000000,5376000000.000000,0.630000,0.630000,0.630000,100957000000.000000,,100957000000.000000,259932400000.000000,24.000000,9.034000,6608000000.000000,1.145000,1.000000,18741000000.000000,0.596000,128504000000.000000,824000000.000000,169077000000.000000,,0.000000,4563000000.000000,0.000000,4563000000.000000,165575000000.000000,30798000000.000000,134777000000.000000,66000000.000000,-67000000.000000,-3667000000.000000,-1007000000.000000,-2551000000.000000,-6593000000.000000,-4826000000.000000,187000000.000000,11485000000.000000,0.000000,3635000000.000000,3635000000.000000,3635000000.000000,0.000000,66000000.000000,0.116000,12704000000.000000,6037000000.000000,18936000000.000000,0.698000,1.965000,44.655000,45.364000,108217000000.000000,0.000000,34.930000,1.558000,1.583000,12398000000.000000,28907000000.000000,31459000000.000000,31459000000.000000,0.000000,,,,,0.000000,8192000000.000000,1.000000,5680000000.000000,5771000000.000000,5792000000.000000,5.451000,138345000000.000000,1312000000.000000,1741000000.000000,31301000000.000000,23.972000
ARQ,2012-12-31,2013-02-22,2012-12-31,2012-Q4,-9081000000.000000,195940626568.000000,2025-04-29,5236000000.000000,272315000000.000000,,22706000000.000000,249609000000.000000,,16.819000,-5846000000.000000,4868000000.000000,4868000000.000000,17215000000.000000,-3779000000.000000,0.714000,1.945000,69844000000.000000,3486000000.000000,66358000000.000000,69844000000.000000,3808000000.000000,4572000000.000000,0.000000,0.050000,0.450000,-5809000000.000000,-1237000000.000000,-0.038000,-1237000000.000000,-5809000000.000000,-6629000000.000000,-0.650000,-0.650000,-0.650000,92362000000.000000,,92362000000.000000,260916626568.000000,19.000000,8.218000,4386000000.000000,0.799000,1.000000,15363000000.000000,0.472000,128548000000.000000,820000000.000000,176956000000.000000,,0.000000,4581000000.000000,0.000000,4581000000.000000,179620000000.000000,31787000000.000000,147833000000.000000,2791000000.000000,-272000000.000000,-4361000000.000000,5861000000.000000,-2503000000.000000,-1012000000.000000,-6429000000.000000,-246000000.000000,10232000000.000000,0.000000,-3857000000.000000,-3857000000.000000,-3857000000.000000,0.000000,78000000.000000,-0.118000,21321000000.000000,-5958000000.000000,20911000000.000000,-0.692000,2.121000,26.974000,28.544000,109767000000.000000,0.000000,35.680000,1.538000,1.538000,12657000000.000000,22481000000.000000,32578000000.000000,32578000000.000000,0.000000,,,,,0.000000,16749000000.000000,1.000000,5491609489.000000,5491609489.000000,,5.932000,143767000000.000000,1036000000.000000,-2772000000.000000,29517000000.000000,26.179000
ARQ,2013-03-31,2013-05-03,2013-03-31,2013-Q1,-9414000000.000000,200889200000.000000,2025-04-29,5344000000.000000,270994000000.000000,,20372000000.000000,250622000000.000000,,15.962000,-4252000000.000000,3875000000.000000,3875000000.000000,12554000000.000000,3773000000.000000,0.684000,2.076000,74132000000.000000,3446000000.000000,70686000000.000000,74132000000.000000,4167000000.000000,4529000000.000000,0.000000,0.048000,0.450000,6084000000.000000,10613000000.000000,0.338000,10613000000.000000,6084000000.000000,5257000000.000000,0.670000,0.670000,0.670000,87998000000.000000,,87998000000.000000,271146200000.000000,20.000000,8.609000,3947000000.000000,0.716000,1.000000,18802000000.000000,0.600000,129491000000.000000,827000000.000000,181974000000.000000,,0.000000,4998000000.000000,0.000000,4998000000.000000,182656000000.000000,29786000000.000000,152870000000.000000,-993000000.000000,-1040000000.000000,-5855000000.000000,4832000000.000000,-2502000000.000000,-3835000000.000000,-5357000000.000000,0.000000,8199000000.000000,0.000000,3700000000.000000,3700000000.000000,3700000000.000000,0.000000,73000000.000000,0.118000,12862000000.000000,5940000000.000000,17523000000.000000,0.672000,2.283000,27.221000,28.288000,109702000000.000000,0.000000,37.340000,1.582000,1.621000,12100000000.000000,23787000000.000000,31356000000.000000,31356000000.000000,0.000000,,,,,0.000000,8333000000.000000,1.000000,5380000000.000000,5513000000.000000,5530000000.000000,5.688000,141503000000.000000,980000000.000000,1557000000.000000,31128000000.000000,25.667000
ARQ,2013-06-30,2013-08-02,2013-06-30,2013-Q2,-9761000000.000000,189974470000.000000,2025-04-29,5107000000.000000,272093000000.000000,,21428000000.000000,250665000000.000000,,15.978000,-5413000000.000000,4548000000.000000,4548000000.000000,13270000000.000000,3880000000.000000,0.687000,2.161000,75173000000.000000,3256000000.000000,71917000000.000000,75173000000.000000,4029000000.000000,4571000000.000000,0.000000,0.050000,0.450000,6561000000.000000,11132000000.000000,0.347000,11132000000.000000,6561000000.000000,5736000000.000000,0.710000,0.710000,0.710000,85980000000.000000,,85980000000.000000,260599470000.000000,20.000000,8.347000,4099000000.000000,0.762000,1.000000,18805000000.000000,0.586000,129468000000.000000,825000000.000000,182061000000.000000,,0.000000,3888000000.000000,0.000000,3888000000.000000,185778000000.000000,31189000000.000000,154589000000.000000,673000000.000000,683000000.000000,-3258000000.000000,1004000000.000000,-2428000000.000000,-4331000000.000000,-4508000000.000000,301000000.000000,9512000000.000000,0.000000,3822000000.000000,3822000000.000000,3822000000.000000,0.000000,58000000.000000,0.119000,12692000000.000000,6113000000.000000,19438000000.000000,0.634000,2.210000,26.024000,26.301000,110734000000.000000,0.000000,35.770000,1.490000,1.510000,12508000000.000000,25212000000.000000,32075000000.000000,32075000000.000000,0.000000,,,,,0.000000,8121000000.000000,1.000000,5311000000.000000,5381000000.000000,5397000000.000000,5.961000,142625000000.000000,953000000.000000,1914000000.000000,31465000000.000000,26.505000
ARQ,2013-09-30,2013-11-01,2013-09-30,2013-Q3,-17748000000.000000,190912320000.000000,2025-04-29,5282000000.000000,274599000000.000000,,18435000000.000000,256164000000.000000,,16.127000,-5900000000.000000,1371000000.000000,1371000000.000000,13403000000.000000,3905000000.000000,0.509000,2.199000,76223000000.000000,7873000000.000000,68350000000.000000,76223000000.000000,4013000000.000000,4615000000.000000,0.000000,0.050000,0.450000,6238000000.000000,10853000000.000000,0.337000,10853000000.000000,6238000000.000000,5409000000.000000,0.720000,0.720000,0.720000,85715000000.000000,,85715000000.000000,265764320000.000000,20.000000,8.474000,3268000000.000000,0.615000,1.000000,18755000000.000000,0.583000,132214000000.000000,829000000.000000,181054000000.000000,,0.000000,3949000000.000000,0.000000,3949000000.000000,188469000000.000000,36183000000.000000,152286000000.000000,-3177000000.000000,-2822000000.000000,-1913000000.000000,300000000.000000,-2395000000.000000,-3550000000.000000,-8795000000.000000,0.000000,9168000000.000000,0.000000,3814000000.000000,3814000000.000000,3814000000.000000,0.000000,91000000.000000,0.119000,12567000000.000000,6188000000.000000,20433000000.000000,0.625000,2.227000,25.526000,24.993000,112424000000.000000,0.000000,36.240000,1.490000,1.503000,12444000000.000000,26648000000.000000,32158000000.000000,32158000000.000000,0.000000,,,,,0.000000,7952000000.000000,1.000000,5268000000.000000,5315000000.000000,5331000000.000000,6.050000,142385000000.000000,682000000.000000,1595000000.000000,32154000000.000000,26.789000
ARQ,2013-12-31,2014-02-21,2013-12-31,2013-Q4,-11799000000.000000,170784663272.000000,2025-04-29,7880000000.000000,277787000000.000000,,23196000000.000000,254591000000.000000,,17.475000,-5379000000.000000,3339000000.000000,3339000000.000000,12237000000.000000,6995000000.000000,0.663000,2.048000,74788000000.000000,5498000000.000000,69290000000.000000,74788000000.000000,4212000000.000000,4680000000.000000,0.000000,0.055000,0.460000,12530000000.000000,17210000000.000000,0.519000,17210000000.000000,12530000000.000000,11071000000.000000,1.290000,1.300000,1.290000,90988000000.000000,,90988000000.000000,242233663272.000000,8.000000,4.863000,2538000000.000000,0.487000,1.000000,20926000000.000000,0.631000,131485000000.000000,1459000000.000000,182756000000.000000,,0.000000,3860000000.000000,0.000000,3860000000.000000,186305000000.000000,34995000000.000000,151310000000.000000,1968000000.000000,989000000.000000,-1888000000.000000,3022000000.000000,-2371000000.000000,-1485000000.000000,-4464000000.000000,0.000000,7917000000.000000,0.000000,6913000000.000000,6913000000.000000,6913000000.000000,0.000000,82000000.000000,0.208000,8688000000.000000,12238000000.000000,21107000000.000000,0.357000,1.877000,9.359000,9.676000,110968000000.000000,0.000000,32.800000,1.326000,1.326000,12918000000.000000,31141000000.000000,33163000000.000000,33163000000.000000,0.000000,,,,,0.000000,4008000000.000000,1.000000,5206849490.000000,5206849490.000000,,6.369000,146302000000.000000,1199000000.000000,4158000000.000000,38082000000.000000,28.098000
ARQ,2014-03-31,2014-05-02,2014-03-31,2014-Q1,-15741000000.000000,184919700000.000000,2025-04-29,7666000000.000000,285340000000.000000,,24089000000.000000,261251000000.000000,,17.408000,-5716000000.000000,3611000000.000000,3611000000.000000,13321000000.000000,3734000000.000000,0.605000,2.134000,79876000000.000000,8301000000.000000,71575000000.000000,79876000000.000000,4121000000.000000,4617000000.000000,0.000000,0.051000,0.460000,6429000000.000000,11046000000.000000,0.340000,11046000000.000000,6429000000.000000,5569000000.000000,0.700000,0.700000,0.700000,90906000000.000000,,90906000000.000000,261184700000.000000,8.000000,5.199000,3083000000.000000,0.590000,1.000000,19155000000.000000,0.590000,135819000000.000000,860000000.000000,185956000000.000000,,0.000000,3613000000.000000,0.000000,3613000000.000000,193971000000.000000,39830000000.000000,154141000000.000000,272000000.000000,-311000000.000000,-1224000000.000000,1103000000.000000,-2398000000.000000,-2445000000.000000,-6082000000.000000,0.000000,8799000000.000000,0.000000,3652000000.000000,3652000000.000000,3652000000.000000,0.000000,82000000.000000,0.112000,12877000000.000000,6278000000.000000,22234000000.000000,0.657000,2.034000,10.160000,10.418000,112809000000.000000,0.000000,35.630000,1.424000,1.433000,13120000000.000000,32402000000.000000,32476000000.000000,32476000000.000000,0.000000,,,,,0.000000,8260000000.000000,1.000000,5190000000.000000,5222000000.000000,5238000000.000000,6.219000,149521000000.000000,1171000000.000000,1917000000.000000,39232000000.000000,28.633000
ARQ,2014-06-30,2014-08-01,2014-06-30,2014-Q2,-10676000000.000000,183221380000.000000,2025-04-29,7851000000.000000,293466000000.000000,,33112000000.000000,260354000000.000000,,17.704000,-5933000000.000000,11305000000.000000,11305000000.000000,14212000000.000000,3621000000.000000,0.756000,2.180000,84052000000.000000,10482000000.000000,73570000000.000000,84052000000.000000,3990000000.000000,4550000000.000000,0.000000,0.052000,0.460000,6913000000.000000,11463000000.000000,0.352000,11463000000.000000,6913000000.000000,6032000000.000000,0.680000,0.680000,0.680000,92132000000.000000,,92132000000.000000,255968380000.000000,8.000000,5.061000,2137000000.000000,0.411000,1.000000,18363000000.000000,0.564000,136129000000.000000,881000000.000000,186296000000.000000,,0.000000,159000000.000000,0.000000,159000000.000000,200841000000.000000,43788000000.000000,157053000000.000000,7694000000.000000,4375000000.000000,-145000000.000000,4087000000.000000,-2386000000.000000,1243000000.000000,-1619000000.000000,2000000.000000,8070000000.000000,0.000000,3547000000.000000,3547000000.000000,3547000000.000000,0.000000,74000000.000000,0.109000,12747000000.000000,5616000000.000000,22966000000.000000,0.676000,1.989000,10.221000,10.422000,114360000000.000000,0.000000,35.330000,1.405000,1.410000,13001000000.000000,33554000000.000000,32575000000.000000,32575000000.000000,0.000000,,,,,0.000000,8197000000.000000,1.000000,5186000000.000000,5204000000.000000,5220000000.000000,6.260000,157337000000.000000,1180000000.000000,2485000000.000000,40797000000.000000,30.234000
ARQ,2014-09-30,2014-11-10,2014-09-30,2014-Q3,-14144000000.000000,182167440000.000000,2025-04-29,7926000000.000000,287939000000.000000,,25835000000.000000,262104000000.000000,,17.817000,-5180000000.000000,2458000000.000000,2458000000.000000,14541000000.000000,3059000000.000000,0.646000,2.104000,75625000000.000000,5109000000.000000,70516000000.000000,75625000000.000000,4038000000.000000,4539000000.000000,0.000000,0.052000,0.460000,5385000000.000000,9924000000.000000,0.301000,9924000000.000000,5385000000.000000,4369000000.000000,0.580000,0.580000,0.580000,92613000000.000000,,92613000000.000000,255334440000.000000,8.000000,5.143000,3544000000.000000,0.682000,1.000000,18416000000.000000,0.559000,137167000000.000000,1016000000.000000,183960000000.000000,,0.000000,166000000.000000,0.000000,166000000.000000,194820000000.000000,39979000000.000000,154841000000.000000,-8847000000.000000,-43000000.000000,-214000000.000000,-7018000000.000000,-2386000000.000000,-10292000000.000000,-7279000000.000000,-1995000000.000000,8724000000.000000,0.000000,3002000000.000000,3002000000.000000,3002000000.000000,0.000000,57000000.000000,0.091000,13014000000.000000,5402000000.000000,24119000000.000000,0.793000,1.967000,10.644000,10.806000,115134000000.000000,0.000000,35.120000,1.389000,1.392000,13445000000.000000,34165000000.000000,32957000000.000000,32957000000.000000,0.000000,,,,,0.000000,8475000000.000000,1.000000,5187000000.000000,5198000000.000000,5214000000.000000,6.340000,150772000000.000000,1030000000.000000,1367000000.000000,41721000000.000000,29.006000
ARQ,2014-12-31,2015-02-20,2014-12-31,2014-Q4,-5254000000.000000,176880920430.000000,2025-04-29,8060000000.000000,292829000000.000000,,32028000000.000000,260801000000.000000,,16.641000,-4370000000.000000,8603000000.000000,8603000000.000000,18537000000.000000,-3896000000.000000,0.859000,2.384000,82067000000.000000,6056000000.000000,76011000000.000000,82067000000.000000,4105000000.000000,4567000000.000000,0.000000,0.054000,0.470000,-5448000000.000000,-881000000.000000,-0.026000,-881000000.000000,-5448000000.000000,-6304000000.000000,-0.770000,-0.760000,-0.770000,86370000000.000000,,86370000000.000000,250344920430.000000,19.000000,7.934000,1375000000.000000,0.265000,1.000000,15902000000.000000,0.462000,136655000000.000000,856000000.000000,192356000000.000000,,0.000000,250000000.000000,0.000000,250000000.000000,205905000000.000000,37282000000.000000,168623000000.000000,6145000000.000000,961000000.000000,5000000.000000,7445000000.000000,-2382000000.000000,3757000000.000000,-3357000000.000000,107000000.000000,5745000000.000000,0.000000,-3977000000.000000,-3977000000.000000,-3977000000.000000,0.000000,81000000.000000,-0.115000,21452000000.000000,-5550000000.000000,23592000000.000000,-0.610000,2.048000,28.419000,28.639000,112898000000.000000,0.000000,34.080000,1.335000,1.335000,14527000000.000000,27736000000.000000,34439000000.000000,34439000000.000000,0.000000,,,,,0.000000,14765000000.000000,1.000000,5190167853.000000,5190167853.000000,,6.635000,156174000000.000000,1142000000.000000,-2327000000.000000,38635000000.000000,30.090000
ARQ,2015-03-31,2015-05-05,2015-03-31,2015-Q1,-10241000000.000000,175107960000.000000,2025-04-29,7341000000.000000,308028000000.000000,,27410000000.000000,280618000000.000000,,16.625000,-3848000000.000000,4444000000.000000,4444000000.000000,14581000000.000000,3276000000.000000,0.728000,2.554000,96453000000.000000,8181000000.000000,88272000000.000000,96453000000.000000,4221000000.000000,4578000000.000000,0.000000,0.055000,0.470000,5450000000.000000,10028000000.000000,0.308000,10028000000.000000,5450000000.000000,4551000000.000000,0.610000,0.610000,0.610000,86499000000.000000,,86499000000.000000,267116960000.000000,22.000000,8.748000,2890000000.000000,0.555000,1.000000,17995000000.000000,0.552000,157324000000.000000,899000000.000000,205062000000.000000,,0.000000,266000000.000000,0.000000,266000000.000000,220924000000.000000,37651000000.000000,183273000000.000000,-4159000000.000000,-19506000000.000000,8000000.000000,15976000000.000000,-2434000000.000000,10690000000.000000,-21587000000.000000,1890000000.000000,6738000000.000000,0.000000,3200000000.000000,3200000000.000000,3200000000.000000,0.000000,76000000.000000,0.098000,12539000000.000000,5456000000.000000,20418000000.000000,0.770000,2.024000,30.337000,30.655000,113198000000.000000,0.000000,33.720000,1.321000,1.324000,13592000000.000000,28490000000.000000,32576000000.000000,32576000000.000000,0.000000,,,,,0.000000,7961000000.000000,1.000000,5193000000.000000,5203000000.000000,5219000000.000000,6.261000,150704000000.000000,1538000000.000000,1351000000.000000,40409000000.000000,28.965000
ARQ,2015-06-30,2015-08-07,2015-06-30,2015-Q2,2636000000.000000,210425710000.000000,2025-04-29,7039000000.000000,326489000000.000000,,43163000000.000000,283326000000.000000,,16.691000,-4480000000.000000,20956000000.000000,20956000000.000000,15140000000.000000,3146000000.000000,1.065000,2.751000,113670000000.000000,8603000000.000000,105067000000.000000,113670000000.000000,4075000000.000000,4696000000.000000,0.000000,0.055000,0.470000,5691000000.000000,10387000000.000000,0.315000,10387000000.000000,5691000000.000000,4759000000.000000,0.580000,0.580000,0.580000,86859000000.000000,,86859000000.000000,303139710000.000000,27.000000,10.291000,4680000000.000000,0.899000,1.000000,17875000000.000000,0.541000,158227000000.000000,932000000.000000,220449000000.000000,,0.000000,288000000.000000,0.000000,288000000.000000,238988000000.000000,40527000000.000000,198461000000.000000,16512000000.000000,-1376000000.000000,12000000.000000,15063000000.000000,-2439000000.000000,13425000000.000000,-6073000000.000000,0.000000,9160000000.000000,0.000000,3044000000.000000,3044000000.000000,3044000000.000000,0.000000,102000000.000000,0.092000,12163000000.000000,5712000000.000000,21560000000.000000,0.810000,2.423000,39.937000,34.210000,114348000000.000000,0.000000,34.210000,1.582000,1.339000,13821000000.000000,29086000000.000000,33015000000.000000,33015000000.000000,0.000000,,,,,0.000000,7467000000.000000,1.000000,6151000000.000000,5204000000.000000,5220000000.000000,6.344000,168262000000.000000,1131000000.000000,1715000000.000000,42364000000.000000,32.333000
ARQ,2015-09-30,2015-11-06,2015-09-30,2015-Q3,-12987000000.000000,204000320000.000000,2025-04-29,5294000000.000000,399989000000.000000,,34951000000.000000,365038000000.000000,,20.564000,-5028000000.000000,6202000000.000000,6202000000.000000,17796000000.000000,3078000000.000000,0.729000,2.275000,126930000000.000000,7535000000.000000,119395000000.000000,126930000000.000000,4640000000.000000,6265000000.000000,0.000000,0.057000,0.470000,5797000000.000000,12062000000.000000,0.309000,12062000000.000000,5797000000.000000,4651000000.000000,0.500000,0.500000,0.500000,121824000000.000000,,121824000000.000000,324728320000.000000,28.000000,10.278000,5769000000.000000,0.974000,1.000000,21295000000.000000,0.545000,226873000000.000000,1146000000.000000,245906000000.000000,,0.000000,1744000000.000000,0.000000,1744000000.000000,277200000000.000000,47938000000.000000,229262000000.000000,-14754000000.000000,-9733000000.000000,113000000.000000,-7035000000.000000,-2438000000.000000,-10164000000.000000,-15387000000.000000,-400000000.000000,10797000000.000000,0.000000,2994000000.000000,2994000000.000000,2994000000.000000,0.000000,84000000.000000,0.077000,15372000000.000000,5923000000.000000,28280000000.000000,0.940000,1.675000,38.776000,36.043000,122836000000.000000,0.000000,33.160000,1.466000,1.412000,16329000000.000000,32627000000.000000,39091000000.000000,39091000000.000000,0.000000,,,,,0.000000,9107000000.000000,1.000000,6152000000.000000,5924000000.000000,5943000000.000000,6.599000,173116000000.000000,0.000000,1657000000.000000,57635000000.000000,29.223000
ARQ,2015-12-31,2016-02-18,2015-12-31,2015-Q4,-11824000000.000000,227533217137.000000,2025-04-29,5334000000.000000,402672000000.000000,,35992000000.000000,366680000000.000000,,19.943000,-5862000000.000000,5121000000.000000,5121000000.000000,19691000000.000000,4086000000.000000,0.753000,2.275000,126151000000.000000,7636000000.000000,118515000000.000000,126151000000.000000,4682000000.000000,6477000000.000000,0.000000,0.051000,0.480000,7370000000.000000,13847000000.000000,0.329000,13847000000.000000,7370000000.000000,6227000000.000000,0.660000,0.660000,0.660000,122671000000.000000,,122671000000.000000,348563217137.000000,14.000000,7.498000,3323000000.000000,0.540000,1.000000,22428000000.000000,0.532000,225278000000.000000,1143000000.000000,250608000000.000000,,0.000000,1606000000.000000,0.000000,1606000000.000000,279032000000.000000,47816000000.000000,231216000000.000000,-1081000000.000000,-61000000.000000,-259000000.000000,-78000000.000000,-2889000000.000000,-4169000000.000000,-6097000000.000000,56000000.000000,9185000000.000000,0.000000,4006000000.000000,4006000000.000000,4006000000.000000,0.000000,80000000.000000,0.095000,14896000000.000000,7532000000.000000,30372000000.000000,0.727000,1.855000,17.050000,15.608000,124450000000.000000,0.000000,36.990000,1.550000,1.550000,16532000000.000000,33671000000.000000,42119000000.000000,42119000000.000000,0.000000,,,,,0.000000,8419000000.000000,1.000000,6151208898.000000,6151208898.000000,,6.847000,177394000000.000000,0.000000,2221000000.000000,58357000000.000000,28.839000
ARQ,2016-03-31,2016-05-05,2016-03-31,2016-Q1,-6527000000.000000,238483440000.000000,2025-04-29,5180000000.000000,403638000000.000000,,38001000000.000000,365637000000.000000,,19.999000,-4451000000.000000,10008000000.000000,10008000000.000000,18400000000.000000,3885000000.000000,0.853000,2.262000,130503000000.000000,8399000000.000000,122104000000.000000,130503000000.000000,4550000000.000000,6563000000.000000,0.000000,0.049000,0.480000,7132000000.000000,13695000000.000000,0.338000,13695000000.000000,7132000000.000000,5925000000.000000,0.620000,0.610000,0.620000,123432000000.000000,,123432000000.000000,358978440000.000000,14.000000,7.181000,3449000000.000000,0.559000,1.000000,22135000000.000000,0.546000,225086000000.000000,1207000000.000000,254519000000.000000,,0.000000,1594000000.000000,0.000000,1594000000.000000,279233000000.000000,44528000000.000000,234705000000.000000,4887000000.000000,-84000000.000000,89000000.000000,3682000000.000000,-2947000000.000000,1295000000.000000,-4308000000.000000,445000000.000000,7900000000.000000,0.000000,3803000000.000000,3803000000.000000,3803000000.000000,0.000000,82000000.000000,0.094000,15004000000.000000,7131000000.000000,26169000000.000000,0.774000,1.932000,17.223000,16.415000,123454000000.000000,0.000000,38.740000,1.541000,1.545000,16070000000.000000,34506000000.000000,40535000000.000000,40535000000.000000,0.000000,,,,,0.000000,8441000000.000000,1.000000,6156000000.000000,6172000000.000000,6190000000.000000,6.568000,178552000000.000000,0.000000,2122000000.000000,59944000000.000000,28.929000
ARQ,2016-06-30,2016-08-04,2016-06-30,2016-Q2,-10460000000.000000,265028160000.000000,2025-04-29,4814000000.000000,401808000000.000000,,36005000000.000000,365803000000.000000,,19.987000,-5251000000.000000,7208000000.000000,7208000000.000000,18475000000.000000,3515000000.000000,0.775000,2.248000,126836000000.000000,9528000000.000000,117308000000.000000,126836000000.000000,4465000000.000000,6576000000.000000,0.000000,0.044000,0.480000,6572000000.000000,13148000000.000000,0.324000,13148000000.000000,6572000000.000000,5314000000.000000,0.550000,0.550000,0.550000,123402000000.000000,,123402000000.000000,384656160000.000000,14.000000,7.292000,5056000000.000000,0.819000,1.000000,22045000000.000000,0.544000,224716000000.000000,1258000000.000000,250255000000.000000,,0.000000,1677000000.000000,0.000000,1677000000.000000,277437000000.000000,46465000000.000000,230972000000.000000,-2800000000.000000,-294000000.000000,-167000000.000000,-2671000000.000000,-2952000000.000000,-7398000000.000000,-5709000000.000000,55000000.000000,10307000000.000000,0.000000,3408000000.000000,3408000000.000000,3408000000.000000,0.000000,107000000.000000,0.084000,15485000000.000000,6560000000.000000,26746000000.000000,0.873000,2.148000,18.650000,18.489000,123537000000.000000,0.000000,43.080000,1.633000,1.639000,15830000000.000000,34950000000.000000,40520000000.000000,40520000000.000000,0.000000,,,,,0.000000,8909000000.000000,1.000000,6152000000.000000,6174000000.000000,6195000000.000000,6.563000,177092000000.000000,0.000000,1906000000.000000,60989000000.000000,28.684000
ARQ,2016-09-30,2016-11-03,2016-09-30,2016-Q3,-9728000000.000000,224944830000.000000,2025-04-29,4850000000.000000,402975000000.000000,,37374000000.000000,365601000000.000000,,20.041000,-5581000000.000000,5895000000.000000,5895000000.000000,18890000000.000000,3418000000.000000,0.793000,2.252000,125221000000.000000,7982000000.000000,117239000000.000000,125221000000.000000,4637000000.000000,6579000000.000000,0.000000,0.052000,0.480000,6327000000.000000,12906000000.000000,0.316000,12906000000.000000,6327000000.000000,5103000000.000000,0.540000,0.540000,0.540000,123611000000.000000,,123611000000.000000,344270830000.000000,13.000000,6.423000,5414000000.000000,0.878000,1.000000,22000000000.000000,0.538000,223473000000.000000,1224000000.000000,251726000000.000000,,0.000000,1679000000.000000,0.000000,1679000000.000000,278372000000.000000,47102000000.000000,231270000000.000000,-1313000000.000000,-2360000000.000000,-229000000.000000,-1559000000.000000,-2951000000.000000,-4136000000.000000,-8172000000.000000,1000000.000000,10995000000.000000,0.000000,3328000000.000000,3328000000.000000,3328000000.000000,0.000000,90000000.000000,0.081000,15592000000.000000,6408000000.000000,28849000000.000000,0.889000,1.820000,15.465000,15.456000,123922000000.000000,0.000000,36.630000,1.371000,1.377000,16855000000.000000,35319000000.000000,40890000000.000000,40890000000.000000,0.000000,,,,,0.000000,9013000000.000000,1.000000,6141000000.000000,6168000000.000000,6189000000.000000,6.629000,179502000000.000000,0.000000,1775000000.000000,62335000000.000000,29.102000
ARQ,2016-12-31,2017-02-17,2016-12-31,2016-Q4,-12207000000.000000,254752329490.000000,2025-04-29,4961000000.000000,403821000000.000000,,38369000000.000000,365452000000.000000,,20.049000,-6233000000.000000,5788000000.000000,5788000000.000000,21119000000.000000,2515000000.000000,0.759000,2.272000,123513000000.000000,9832000000.000000,113681000000.000000,123513000000.000000,4519000000.000000,6129000000.000000,0.000000,0.047000,0.490000,4334000000.000000,10463000000.000000,0.250000,10463000000.000000,4334000000.000000,3113000000.000000,0.400000,0.400000,0.400000,123135000000.000000,,123135000000.000000,372477329490.000000,15.000000,7.418000,3909000000.000000,0.636000,1.000000,20722000000.000000,0.495000,222067000000.000000,1221000000.000000,248903000000.000000,,0.000000,1674000000.000000,0.000000,1674000000.000000,279711000000.000000,50576000000.000000,229135000000.000000,-107000000.000000,425000000.000000,-59000000.000000,-135000000.000000,-2947000000.000000,-4223000000.000000,-6026000000.000000,5000000.000000,10142000000.000000,0.000000,2437000000.000000,2437000000.000000,2437000000.000000,0.000000,78000000.000000,0.058000,16474000000.000000,4248000000.000000,31138000000.000000,1.225000,2.069000,19.633000,19.752000,124899000000.000000,0.000000,41.480000,1.555000,1.555000,16794000000.000000,34734000000.000000,41841000000.000000,41841000000.000000,0.000000,,,,,0.000000,9984000000.000000,1.000000,6141570142.000000,6141570142.000000,,6.813000,181754000000.000000,0.000000,676000000.000000,62207000000.000000,29.594000
ARQ,2017-03-31,2017-05-04,2017-03-31,2017-Q1,-4963000000.000000,233685480000.000000,2025-04-29,5160000000.000000,411903000000.000000,,45727000000.000000,366176000000.000000,,20.084000,-5784000000.000000,14884000000.000000,14884000000.000000,17887000000.000000,3574000000.000000,0.902000,2.317000,133249000000.000000,12681000000.000000,120568000000.000000,133249000000.000000,4493000000.000000,6127000000.000000,0.000000,0.051000,0.490000,6566000000.000000,12693000000.000000,0.322000,12693000000.000000,6566000000.000000,5273000000.000000,0.560000,0.560000,0.560000,123841000000.000000,,123841000000.000000,352050480000.000000,15.000000,7.154000,3434000000.000000,0.557000,1.000000,21478000000.000000,0.546000,221871000000.000000,1293000000.000000,257707000000.000000,,0.000000,1551000000.000000,0.000000,1551000000.000000,286922000000.000000,50690000000.000000,236232000000.000000,9096000000.000000,-156000000.000000,-156000000.000000,9386000000.000000,-3009000000.000000,6049000000.000000,-6171000000.000000,0.000000,9218000000.000000,0.000000,3469000000.000000,3469000000.000000,3469000000.000000,0.000000,105000000.000000,0.088000,14614000000.000000,6864000000.000000,27120000000.000000,0.875000,1.887000,18.485000,18.541000,125292000000.000000,0.000000,38.010000,1.437000,1.441000,15078000000.000000,35175000000.000000,39365000000.000000,39365000000.000000,0.000000,,,,,0.000000,8487000000.000000,1.000000,6148000000.000000,6166000000.000000,6186000000.000000,6.384000,190032000000.000000,0.000000,1804000000.000000,64484000000.000000,30.819000
ARQ,2017-06-30,2017-08-03,2017-06-30,2017-Q2,5535000000.000000,235039200000.000000,2025-04-29,5389000000.000000,420795000000.000000,,53547000000.000000,367248000000.000000,,20.231000,-4966000000.000000,25617000000.000000,25617000000.000000,18254000000.000000,4014000000.000000,1.115000,2.365000,143655000000.000000,10831000000.000000,132824000000.000000,143655000000.000000,4371000000.000000,6147000000.000000,0.000000,0.051000,0.490000,7366000000.000000,13513000000.000000,0.339000,13513000000.000000,7366000000.000000,5971000000.000000,0.630000,0.630000,0.630000,124725000000.000000,,124725000000.000000,353077200000.000000,14.000000,7.122000,3976000000.000000,0.645000,1.000000,21583000000.000000,0.542000,221804000000.000000,1395000000.000000,269017000000.000000,,0.000000,1615000000.000000,0.000000,1615000000.000000,294937000000.000000,48012000000.000000,246925000000.000000,10733000000.000000,1431000000.000000,-278000000.000000,8609000000.000000,-3012000000.000000,5568000000.000000,-3777000000.000000,0.000000,8942000000.000000,0.000000,3915000000.000000,3915000000.000000,3915000000.000000,0.000000,99000000.000000,0.098000,14260000000.000000,7323000000.000000,26471000000.000000,0.778000,1.884000,17.875000,17.972000,126184000000.000000,0.000000,38.280000,1.451000,1.457000,14997000000.000000,36067000000.000000,39837000000.000000,39837000000.000000,0.000000,,,,,0.000000,8113000000.000000,1.000000,6140000000.000000,6165000000.000000,6184000000.000000,6.462000,198991000000.000000,0.000000,2056000000.000000,65257000000.000000,32.278000
ARQ,2017-09-30,2017-11-03,2017-09-30,2017-Q3,28664000000.000000,204428700000.000000,2025-04-29,5580000000.000000,443865000000.000000,,76357000000.000000,367508000000.000000,,20.279000,-5006000000.000000,48499000000.000000,48499000000.000000,18906000000.000000,3123000000.000000,1.601000,2.543000,163279000000.000000,8551000000.000000,154728000000.000000,163279000000.000000,4503000000.000000,6042000000.000000,0.000000,0.059000,0.490000,6566000000.000000,12608000000.000000,0.318000,12608000000.000000,6566000000.000000,4880000000.000000,0.490000,0.490000,0.490000,124960000000.000000,,124960000000.000000,319208700000.000000,13.000000,6.478000,6108000000.000000,0.991000,1.000000,20762000000.000000,0.523000,221087000000.000000,1686000000.000000,289865000000.000000,,0.000000,1627000000.000000,0.000000,1627000000.000000,317756000000.000000,47693000000.000000,270063000000.000000,22882000000.000000,-65000000.000000,0.000000,18457000000.000000,-3009000000.000000,17086000000.000000,-5318000000.000000,-2000000.000000,11114000000.000000,0.000000,3029000000.000000,3029000000.000000,3029000000.000000,0.000000,94000000.000000,0.076000,14359000000.000000,6403000000.000000,28928000000.000000,1.000000,1.636000,15.909000,16.010000,126462000000.000000,0.000000,33.300000,1.272000,1.277000,15876000000.000000,36074000000.000000,39668000000.000000,39668000000.000000,0.000000,,,,,0.000000,8317000000.000000,1.000000,6139000000.000000,6162000000.000000,6182000000.000000,6.438000,222778000000.000000,0.000000,1851000000.000000,67084000000.000000,36.154000
ARQ,2017-12-31,2018-02-20,2017-12-31,2017-Q4,-2243000000.000000,225824157600.000000,2025-04-29,7017000000.000000,444097000000.000000,,79146000000.000000,364951000000.000000,,22.936000,-4891000000.000000,50498000000.000000,50498000000.000000,22332000000.000000,19136000000.000000,0.972000,2.145000,164346000000.000000,38374000000.000000,125972000000.000000,164346000000.000000,4213000000.000000,6071000000.000000,0.000000,0.054000,0.500000,544000000.000000,6615000000.000000,0.159000,6615000000.000000,544000000.000000,-1382000000.000000,3.080000,3.070000,3.080000,140861000000.000000,,140861000000.000000,339672157600.000000,16.000000,7.477000,4986000000.000000,0.812000,1.000000,19344000000.000000,0.464000,219725000000.000000,1926000000.000000,256831000000.000000,,0.000000,1560000000.000000,0.000000,1560000000.000000,302090000000.000000,81389000000.000000,220701000000.000000,1999000000.000000,-28000000.000000,4000000.000000,2000000.000000,-3008000000.000000,-2773000000.000000,-5105000000.000000,-2000000.000000,9877000000.000000,0.000000,19037000000.000000,19037000000.000000,19037000000.000000,0.000000,99000000.000000,0.457000,18985000000.000000,359000000.000000,34470000000.000000,0.162000,1.603000,7.668000,7.709000,125222000000.000000,0.000000,36.770000,1.407000,1.407000,16522000000.000000,50500000000.000000,41676000000.000000,41676000000.000000,0.000000,,,,,0.000000,10000000000.000000,1.000000,6141532706.000000,6141532706.000000,,6.786000,224372000000.000000,0.000000,-20419000000.000000,44469000000.000000,36.534000
ARQ,2018-03-31,2018-05-03,2018-03-31,2018-Q1,7925000000.000000,196143540000.000000,2025-04-29,7386000000.000000,446343000000.000000,,78505000000.000000,367838000000.000000,,23.684000,-5957000000.000000,48872000000.000000,48872000000.000000,17946000000.000000,4759000000.000000,1.112000,2.051000,163046000000.000000,29322000000.000000,133724000000.000000,163046000000.000000,5081000000.000000,5994000000.000000,0.000000,0.062000,0.500000,7815000000.000000,13809000000.000000,0.363000,13809000000.000000,7815000000.000000,6044000000.000000,0.750000,0.750000,0.750000,145920000000.000000,,145920000000.000000,310317540000.000000,14.000000,6.667000,2990000000.000000,0.485000,1.000000,20092000000.000000,0.528000,219117000000.000000,1771000000.000000,270820000000.000000,,0.000000,2623000000.000000,0.000000,2623000000.000000,299267000000.000000,70580000000.000000,228687000000.000000,-1707000000.000000,-918000000.000000,-134000000.000000,-2346000000.000000,-3070000000.000000,-3502000000.000000,-7152000000.000000,-116000000.000000,8947000000.000000,0.000000,4662000000.000000,4662000000.000000,4662000000.000000,0.000000,97000000.000000,0.123000,13891000000.000000,6201000000.000000,31569000000.000000,0.667000,1.344000,6.401000,6.453000,125124000000.000000,0.000000,31.940000,1.232000,1.236000,16290000000.000000,55067000000.000000,38038000000.000000,38038000000.000000,0.000000,,,,,0.000000,7897000000.000000,1.000000,6141000000.000000,6161000000.000000,6180000000.000000,6.174000,227226000000.000000,0.000000,1382000000.000000,47264000000.000000,36.881000
ARQ,2018-06-30,2018-08-02,2018-06-30,2018-Q2,-13307000000.000000,231294700000.000000,2025-04-29,5716000000.000000,534691000000.000000,,55286000000.000000,479405000000.000000,,28.811000,-5002000000.000000,13523000000.000000,13523000000.000000,17458000000.000000,5248000000.000000,0.806000,1.916000,190167000000.000000,21672000000.000000,168495000000.000000,190167000000.000000,5914000000.000000,6378000000.000000,0.000000,0.062000,0.500000,8687000000.000000,15065000000.000000,0.386000,15065000000.000000,8687000000.000000,6664000000.000000,0.810000,0.810000,0.810000,182980000000.000000,,182980000000.000000,407938700000.000000,17.000000,8.482000,5227000000.000000,0.823000,1.000000,21528000000.000000,0.552000,294649000000.000000,2023000000.000000,348093000000.000000,,5849000000.000000,8007000000.000000,0.000000,8007000000.000000,350561000000.000000,68593000000.000000,281968000000.000000,-35472000000.000000,-40273000000.000000,-418000000.000000,6443000000.000000,-3074000000.000000,-218000000.000000,-45483000000.000000,-102000000.000000,10229000000.000000,0.000000,5132000000.000000,5132000000.000000,5132000000.000000,0.000000,116000000.000000,0.132000,15062000000.000000,6466000000.000000,35488000000.000000,0.617000,1.264000,7.260000,6.209000,146959000000.000000,0.000000,31.850000,1.460000,1.277000,25492000000.000000,56555000000.000000,38986000000.000000,38986000000.000000,0.000000,,,,,0.000000,8684000000.000000,1.000000,7262000000.000000,6351000000.000000,6374000000.000000,6.139000,240042000000.000000,0.000000,1532000000.000000,61554000000.000000,37.796000
ARQ,2018-09-30,2018-11-02,2018-09-30,2018-Q3,-12313000000.000000,222124560000.000000,2025-04-29,5383000000.000000,534870000000.000000,,53107000000.000000,481763000000.000000,,25.240000,-5736000000.000000,8657000000.000000,8657000000.000000,20706000000.000000,4816000000.000000,0.812000,1.903000,183418000000.000000,14905000000.000000,168513000000.000000,183418000000.000000,6045000000.000000,8166000000.000000,0.000000,0.066000,0.500000,8160000000.000000,16326000000.000000,0.357000,16326000000.000000,8160000000.000000,6109000000.000000,0.650000,0.650000,0.650000,183848000000.000000,,183848000000.000000,396885560000.000000,16.000000,7.660000,6610000000.000000,0.907000,1.000000,25033000000.000000,0.547000,295614000000.000000,2051000000.000000,348597000000.000000,,7221000000.000000,6128000000.000000,0.000000,6128000000.000000,349899000000.000000,65420000000.000000,284479000000.000000,-4965000000.000000,-1463000000.000000,334000000.000000,-6645000000.000000,-3631000000.000000,-9959000000.000000,-7352000000.000000,-16000000.000000,12346000000.000000,0.000000,4718000000.000000,4718000000.000000,4718000000.000000,0.000000,98000000.000000,0.103000,17764000000.000000,7269000000.000000,39375000000.000000,0.769000,1.208000,6.621000,5.769000,147310000000.000000,0.000000,30.520000,1.351000,1.352000,26312000000.000000,57624000000.000000,45739000000.000000,45739000000.000000,0.000000,,,,,0.000000,9598000000.000000,1.000000,7278000000.000000,7284000000.000000,7320000000.000000,6.279000,239256000000.000000,0.000000,1391000000.000000,61955000000.000000,32.847000
ARQ,2018-12-31,2019-02-20,2018-12-31,2018-Q4,-12993000000.000000,224729597891.000000,2025-04-29,4249000000.000000,531864000000.000000,,51427000000.000000,480437000000.000000,,25.271000,-4063000000.000000,5204000000.000000,5204000000.000000,23309000000.000000,5130000000.000000,0.798000,1.836000,176505000000.000000,10255000000.000000,166250000000.000000,176505000000.000000,5948000000.000000,7892000000.000000,0.000000,0.065000,0.510000,7585000000.000000,15477000000.000000,0.322000,15477000000.000000,7585000000.000000,5473000000.000000,0.660000,0.660000,0.660000,184089000000.000000,,184089000000.000000,396030597891.000000,12.000000,6.527000,8017000000.000000,1.101000,1.000000,24684000000.000000,0.514000,293128000000.000000,2112000000.000000,345617000000.000000,,7713000000.000000,6245000000.000000,0.000000,6245000000.000000,337980000000.000000,64420000000.000000,273560000000.000000,-3388000000.000000,943000000.000000,354000000.000000,-6241000000.000000,-3635000000.000000,-12310000000.000000,-3158000000.000000,49000000.000000,12080000000.000000,0.000000,4858000000.000000,4858000000.000000,4858000000.000000,0.000000,272000000.000000,0.101000,18524000000.000000,6160000000.000000,43184000000.000000,0.773000,1.221000,11.602000,10.825000,148542000000.000000,0.000000,30.850000,1.316000,1.316000,26472000000.000000,58753000000.000000,47993000000.000000,47993000000.000000,0.000000,,,,,0.000000,10586000000.000000,1.000000,7284589883.000000,7284589883.000000,,6.588000,238736000000.000000,0.000000,615000000.000000,59038000000.000000,32.773000
ARQ,2019-03-31,2019-05-06,2019-03-31,2019-Q1,-18180000000.000000,223245820000.000000,2025-04-29,4345000000.000000,548384000000.000000,,46472000000.000000,501912000000.000000,,25.313000,-5121000000.000000,6516000000.000000,6516000000.000000,20739000000.000000,4348000000.000000,0.719000,1.909000,193733000000.000000,11538000000.000000,182195000000.000000,193733000000.000000,5956000000.000000,7206000000.000000,0.000000,0.066000,0.510000,7260000000.000000,14466000000.000000,0.323000,14466000000.000000,7260000000.000000,5119000000.000000,0.560000,0.560000,0.560000,185112000000.000000,,185112000000.000000,410462820000.000000,13.000000,6.692000,5931000000.000000,0.811000,1.000000,24088000000.000000,0.537000,292385000000.000000,2141000000.000000,378564000000.000000,,10270000000.000000,6230000000.000000,0.000000,6230000000.000000,353433000000.000000,64652000000.000000,288781000000.000000,1230000000.000000,-218000000.000000,-22000000.000000,-794000000.000000,-3714000000.000000,-4421000000.000000,-5401000000.000000,-1000000.000000,11052000000.000000,0.000000,4096000000.000000,4096000000.000000,4096000000.000000,0.000000,252000000.000000,0.091000,16855000000.000000,7233000000.000000,42306000000.000000,0.911000,1.206000,11.872000,11.414000,168909000000.000000,0.000000,30.590000,1.257000,1.260000,23863000000.000000,59424000000.000000,44827000000.000000,44827000000.000000,0.000000,,,,,0.000000,9649000000.000000,1.000000,7298000000.000000,7313000000.000000,7342000000.000000,6.130000,255999000000.000000,0.000000,1023000000.000000,60337000000.000000,35.006000
ARQ,2019-03-31,2019-05-07,2019-03-31,2019-Q1,-18180000000.000000,222807940000.000000,2025-04-29,4345000000.000000,548384000000.000000,,46472000000.000000,501912000000.000000,,25.313000,-5121000000.000000,6516000000.000000,6516000000.000000,20739000000.000000,4348000000.000000,0.719000,1.909000,193733000000.000000,11538000000.000000,182195000000.000000,193733000000.000000,5956000000.000000,7206000000.000000,0.000000,0.066000,0.510000,7260000000.000000,14466000000.000000,0.323000,14466000000.000000,7260000000.000000,5119000000.000000,0.560000,0.560000,0.560000,185112000000.000000,,185112000000.000000,410024940000.000000,13.000000,6.685000,5931000000.000000,0.811000,1.000000,24088000000.000000,0.537000,292385000000.000000,2141000000.000000,378564000000.000000,,10270000000.000000,6230000000.000000,0.000000,6230000000.000000,353433000000.000000,64652000000.000000,288781000000.000000,1230000000.000000,-218000000.000000,-22000000.000000,-794000000.000000,-3714000000.000000,-4421000000.000000,-5401000000.000000,-1000000.000000,11052000000.000000,0.000000,4096000000.000000,4096000000.000000,4096000000.000000,0.000000,252000000.000000,0.091000,16855000000.000000,7233000000.000000,42306000000.000000,0.911000,1.204000,11.849000,11.392000,168909000000.000000,0.000000,30.530000,1.255000,1.258000,23863000000.000000,59424000000.000000,44827000000.000000,44827000000.000000,0.000000,,,,,0.000000,9649000000.000000,1.000000,7298000000.000000,7313000000.000000,7342000000.000000,6.130000,255999000000.000000,0.000000,1023000000.000000,60337000000.000000,35.006000
ARQ,2019-06-30,2019-08-05,2019-06-30,2019-Q2,-19158000000.000000,244711430000.000000,2025-04-29,3289000000.000000,546914000000.000000,,47218000000.000000,499696000000.000000,,25.161000,-5421000000.000000,8423000000.000000,8423000000.000000,20512000000.000000,3974000000.000000,0.711000,1.915000,191130000000.000000,12772000000.000000,178358000000.000000,191130000000.000000,5734000000.000000,7101000000.000000,0.000000,0.061000,0.510000,6961000000.000000,14062000000.000000,0.313000,14062000000.000000,6961000000.000000,4812000000.000000,0.510000,0.510000,0.510000,184257000000.000000,,184257000000.000000,427418430000.000000,14.000000,7.085000,8863000000.000000,1.210000,1.000000,24445000000.000000,0.544000,291159000000.000000,2149000000.000000,372086000000.000000,,10685000000.000000,4133000000.000000,0.000000,4133000000.000000,352833000000.000000,66376000000.000000,286457000000.000000,2024000000.000000,3177000000.000000,237000000.000000,-5262000000.000000,-3722000000.000000,-10362000000.000000,-1898000000.000000,397000000.000000,14284000000.000000,0.000000,3713000000.000000,3713000000.000000,3713000000.000000,0.000000,261000000.000000,0.083000,16945000000.000000,7500000000.000000,42082000000.000000,1.000000,1.328000,14.076000,14.071000,170986000000.000000,0.000000,33.490000,1.333000,1.336000,22381000000.000000,59389000000.000000,44957000000.000000,44957000000.000000,0.000000,,,,,0.000000,9844000000.000000,1.000000,7307000000.000000,7323000000.000000,7353000000.000000,6.139000,255755000000.000000,0.000000,1099000000.000000,60775000000.000000,34.925000
ARQ,2019-09-30,2019-11-05,2019-09-30,2019-Q3,-17431000000.000000,286136850000.000000,2025-04-29,2137000000.000000,548796000000.000000,,50695000000.000000,498101000000.000000,,24.983000,-5141000000.000000,6588000000.000000,6588000000.000000,20154000000.000000,3949000000.000000,0.744000,1.936000,187464000000.000000,11608000000.000000,175856000000.000000,187464000000.000000,6097000000.000000,6949000000.000000,0.000000,0.052000,0.510000,6720000000.000000,13669000000.000000,0.307000,13669000000.000000,6720000000.000000,4637000000.000000,0.500000,0.500000,0.500000,183049000000.000000,,183049000000.000000,467012850000.000000,16.000000,8.097000,6248000000.000000,0.853000,1.000000,24434000000.000000,0.548000,288047000000.000000,2083000000.000000,373499000000.000000,,12014000000.000000,4137000000.000000,0.000000,4137000000.000000,354469000000.000000,68126000000.000000,286343000000.000000,-1872000000.000000,-641000000.000000,-48000000.000000,-6591000000.000000,-3726000000.000000,-7558000000.000000,-5703000000.000000,127000000.000000,11389000000.000000,0.000000,3700000000.000000,3700000000.000000,3700000000.000000,0.000000,249000000.000000,0.083000,16533000000.000000,7901000000.000000,43955000000.000000,1.020000,1.563000,17.483000,17.565000,171599000000.000000,0.000000,39.170000,1.569000,1.574000,22921000000.000000,59347000000.000000,44588000000.000000,44588000000.000000,0.000000,,,,,0.000000,9584000000.000000,1.000000,7305000000.000000,7327000000.000000,7356000000.000000,6.085000,260749000000.000000,0.000000,937000000.000000,60527000000.000000,35.587000
ARQ,2019-12-31,2020-02-20,2019-12-31,2019-Q4,-14150000000.000000,276945053943.000000,2025-04-29,5470000000.000000,551669000000.000000,,54761000000.000000,496908000000.000000,,25.683000,-3752000000.000000,12130000000.000000,12130000000.000000,22736000000.000000,2704000000.000000,0.795000,1.898000,184951000000.000000,11838000000.000000,173113000000.000000,184951000000.000000,6124000000.000000,6961000000.000000,0.000000,0.053000,0.520000,4877000000.000000,11838000000.000000,0.253000,11838000000.000000,4877000000.000000,2828000000.000000,0.330000,0.320000,0.330000,184221000000.000000,,184221000000.000000,449766053943.000000,17.000000,8.324000,8191000000.000000,1.142000,1.000000,24085000000.000000,0.514000,288513000000.000000,2049000000.000000,367066000000.000000,,12434000000.000000,3695000000.000000,0.000000,3695000000.000000,349735000000.000000,68911000000.000000,280824000000.000000,5513000000.000000,192000000.000000,-1953000000.000000,-4124000000.000000,-3726000000.000000,-2742000000.000000,-3688000000.000000,-88000000.000000,11943000000.000000,0.000000,2394000000.000000,2391000000.000000,2391000000.000000,0.000000,310000000.000000,0.051000,18764000000.000000,5321000000.000000,45956000000.000000,1.576000,1.503000,19.924000,20.321000,169512000000.000000,3000000.000000,38.610000,1.528000,1.528000,22636000000.000000,57936000000.000000,46821000000.000000,46821000000.000000,0.000000,,,,,0.000000,10345000000.000000,1.000000,7172884070.000000,7172884070.000000,,6.527000,263156000000.000000,0.000000,434000000.000000,60714000000.000000,36.688000
ARQ,2020-03-31,2020-05-06,2020-03-31,2020-Q1,-17000000000.000000,205128750000.000000,2025-04-29,-385000000.000000,545354000000.000000,,52704000000.000000,492650000000.000000,,24.736000,-4938000000.000000,9955000000.000000,9955000000.000000,19281000000.000000,4963000000.000000,0.756000,1.968000,185853000000.000000,17067000000.000000,168786000000.000000,185853000000.000000,5960000000.000000,7222000000.000000,0.000000,0.072000,0.520000,7930000000.000000,15152000000.000000,0.354000,15152000000.000000,7930000000.000000,5912000000.000000,0.630000,0.630000,0.630000,177779000000.000000,,177779000000.000000,381026750000.000000,14.000000,6.963000,3928000000.000000,0.547000,1.000000,23498000000.000000,0.549000,285124000000.000000,2018000000.000000,366424000000.000000,,13276000000.000000,3606000000.000000,0.000000,3606000000.000000,349905000000.000000,69704000000.000000,280201000000.000000,-2255000000.000000,-50000000.000000,-5405000000.000000,2276000000.000000,-3737000000.000000,-6099000000.000000,-5022000000.000000,-6000000.000000,8866000000.000000,0.000000,4610000000.000000,4578000000.000000,4578000000.000000,0.000000,353000000.000000,0.107000,16012000000.000000,7486000000.000000,40771000000.000000,0.825000,1.154000,14.263000,14.614000,167815000000.000000,32000000.000000,28.790000,1.145000,1.155000,19908000000.000000,58534000000.000000,42779000000.000000,42779000000.000000,0.000000,,,,,0.000000,8790000000.000000,1.000000,7125000000.000000,7187000000.000000,7214000000.000000,5.952000,260230000000.000000,0.000000,1302000000.000000,60660000000.000000,36.208000
ARQ,2020-06-30,2020-08-05,2020-06-30,2020-Q2,-12914000000.000000,212681250000.000000,2025-04-29,129000000.000000,547898000000.000000,,56555000000.000000,491343000000.000000,,24.618000,-4434000000.000000,16941000000.000000,16941000000.000000,17983000000.000000,1563000000.000000,0.814000,2.015000,191194000000.000000,15576000000.000000,175618000000.000000,191194000000.000000,5723000000.000000,7285000000.000000,0.000000,0.069000,0.520000,4257000000.000000,11542000000.000000,0.282000,11542000000.000000,4257000000.000000,2216000000.000000,0.170000,0.170000,0.170000,175896000000.000000,,175896000000.000000,386934250000.000000,16.000000,7.412000,7625000000.000000,1.067000,1.000000,22967000000.000000,0.561000,284623000000.000000,2041000000.000000,368059000000.000000,,14514000000.000000,2302000000.000000,0.000000,2302000000.000000,354445000000.000000,69469000000.000000,284976000000.000000,6991000000.000000,-843000000.000000,9000000.000000,3109000000.000000,-3737000000.000000,188000000.000000,-5256000000.000000,53000000.000000,12059000000.000000,0.000000,1281000000.000000,1229000000.000000,1229000000.000000,0.000000,282000000.000000,0.030000,19435000000.000000,3532000000.000000,41881000000.000000,3.059000,1.209000,17.875000,18.313000,168341000000.000000,52000000.000000,29.850000,1.214000,1.218000,19127000000.000000,56045000000.000000,40950000000.000000,40950000000.000000,0.000000,,,,,0.000000,9831000000.000000,1.000000,7125000000.000000,7145000000.000000,7170000000.000000,5.731000,263275000000.000000,0.000000,935000000.000000,60935000000.000000,36.847000
ARQ,2020-09-30,2020-11-05,2020-09-30,2020-Q3,-9594000000.000000,196036260000.000000,2025-04-29,649000000.000000,538553000000.000000,,49971000000.000000,488582000000.000000,,24.563000,-3911000000.000000,9758000000.000000,9758000000.000000,19839000000.000000,3168000000.000000,0.839000,1.957000,180934000000.000000,5898000000.000000,175036000000.000000,180934000000.000000,5862000000.000000,7030000000.000000,0.000000,0.076000,0.520000,5554000000.000000,12584000000.000000,0.297000,12584000000.000000,5554000000.000000,3582000000.000000,0.390000,0.390000,0.390000,175553000000.000000,,175553000000.000000,367212260000.000000,16.000000,7.184000,8212000000.000000,1.149000,1.000000,22501000000.000000,0.531000,283183000000.000000,1972000000.000000,366981000000.000000,,13948000000.000000,2325000000.000000,0.000000,2325000000.000000,343497000000.000000,59565000000.000000,283932000000.000000,-7182000000.000000,6000000.000000,1000000.000000,-11233000000.000000,-3741000000.000000,-15857000000.000000,-3448000000.000000,397000000.000000,12123000000.000000,0.000000,2816000000.000000,2762000000.000000,2762000000.000000,0.000000,352000000.000000,0.065000,16369000000.000000,6132000000.000000,42728000000.000000,1.333000,1.117000,17.887000,18.099000,167517000000.000000,54000000.000000,27.510000,1.134000,1.137000,19379000000.000000,55094000000.000000,42340000000.000000,42340000000.000000,0.000000,,,,,0.000000,9266000000.000000,1.000000,7126000000.000000,7147000000.000000,7173000000.000000,5.924000,255370000000.000000,0.000000,766000000.000000,61784000000.000000,35.731000
ARQ,2020-12-31,2021-02-25,2020-12-31,2020-Q4,-11430000000.000000,204182388890.000000,2025-04-29,4330000000.000000,525761000000.000000,,52008000000.000000,473753000000.000000,,22.669000,-2392000000.000000,9740000000.000000,9740000000.000000,22910000000.000000,-13515000000.000000,0.820000,2.143000,179447000000.000000,3470000000.000000,175977000000.000000,179447000000.000000,6176000000.000000,6979000000.000000,0.000000,0.073000,0.520000,-14027000000.000000,-7048000000.000000,-0.154000,-7048000000.000000,-14027000000.000000,-15921000000.000000,-1.940000,-1.940000,-1.940000,161673000000.000000,,161673000000.000000,373889388890.000000,101.000000,11.601000,7690000000.000000,1.078000,1.000000,22781000000.000000,0.499000,267782000000.000000,1894000000.000000,364248000000.000000,,14752000000.000000,1780000000.000000,0.000000,1780000000.000000,346521000000.000000,63438000000.000000,283083000000.000000,21000000.000000,2517000000.000000,2000000.000000,-5138000000.000000,-3741000000.000000,-10239000000.000000,178000000.000000,53000000.000000,10082000000.000000,0.000000,-13883000000.000000,-13938000000.000000,-13938000000.000000,0.000000,368000000.000000,-0.305000,33526000000.000000,-10745000000.000000,49032000000.000000,-0.268000,1.263000,-38.030000,-38.173000,165822000000.000000,55000000.000000,28.630000,1.189000,1.189000,20215000000.000000,37457000000.000000,45691000000.000000,45691000000.000000,0.000000,,,,,0.000000,10182000000.000000,1.000000,7131763496.000000,7131763496.000000,,6.407000,257979000000.000000,0.000000,-2038000000.000000,61491000000.000000,36.173000
ARQ,2021-03-31,2021-05-06,2021-03-31,2021-Q1,-13854000000.000000,231407400000.000000,2025-04-29,4199000000.000000,546985000000.000000,,62754000000.000000,484231000000.000000,,23.110000,-4033000000.000000,11342000000.000000,11342000000.000000,21087000000.000000,7942000000.000000,0.819000,2.199000,201965000000.000000,19505000000.000000,182460000000.000000,201965000000.000000,5029000000.000000,5809000000.000000,0.000000,0.064000,0.520000,11542000000.000000,17351000000.000000,0.395000,17351000000.000000,11542000000.000000,9672000000.000000,1.040000,1.040000,1.040000,165488000000.000000,,165488000000.000000,422030400000.000000,58.000000,12.258000,5894000000.000000,0.823000,1.000000,22852000000.000000,0.520000,259542000000.000000,1870000000.000000,401458000000.000000,,18973000000.000000,1805000000.000000,0.000000,1805000000.000000,363906000000.000000,76608000000.000000,287298000000.000000,1558000000.000000,-22815000000.000000,-113000000.000000,22677000000.000000,-3741000000.000000,18483000000.000000,-26852000000.000000,-4000000.000000,9927000000.000000,0.000000,7550000000.000000,7500000000.000000,7500000000.000000,0.000000,392000000.000000,0.171000,15191000000.000000,7661000000.000000,48245000000.000000,0.500000,1.398000,-94.568000,-95.324000,162356000000.000000,50000000.000000,32.410000,1.338000,1.342000,16971000000.000000,41154000000.000000,43939000000.000000,43939000000.000000,0.000000,,,,,0.000000,9382000000.000000,1.000000,7140000000.000000,7161000000.000000,7188000000.000000,6.136000,287443000000.000000,0.000000,2122000000.000000,61886000000.000000,40.140000
ARQ,2021-06-30,2021-08-05,2021-06-30,2021-Q2,-19257000000.000000,199491600000.000000,2025-04-29,3119000000.000000,544710000000.000000,,62869000000.000000,481841000000.000000,,22.642000,-3959000000.000000,11869000000.000000,11869000000.000000,21099000000.000000,1874000000.000000,0.766000,2.248000,201420000000.000000,24016000000.000000,177404000000.000000,201420000000.000000,4932000000.000000,5761000000.000000,0.000000,0.074000,0.520000,4005000000.000000,9766000000.000000,0.222000,9766000000.000000,4005000000.000000,2321000000.000000,0.210000,0.210000,0.210000,162296000000.000000,,162296000000.000000,389042600000.000000,55.000000,11.914000,6951000000.000000,0.970000,1.000000,22946000000.000000,0.521000,257600000000.000000,1684000000.000000,394535000000.000000,,19081000000.000000,1853000000.000000,0.000000,1853000000.000000,364864000000.000000,82126000000.000000,282738000000.000000,548000000.000000,281000000.000000,13000000.000000,-2070000000.000000,-3830000000.000000,-6583000000.000000,-3779000000.000000,4000000.000000,10910000000.000000,0.000000,1570000000.000000,1514000000.000000,1514000000.000000,0.000000,304000000.000000,0.034000,19677000000.000000,3269000000.000000,49429000000.000000,2.476000,1.229000,-92.272000,-93.133000,160856000000.000000,56000000.000000,27.940000,1.133000,1.138000,15771000000.000000,38947000000.000000,44045000000.000000,44045000000.000000,0.000000,,,,,0.000000,9361000000.000000,1.000000,7140000000.000000,7168000000.000000,7200000000.000000,6.145000,287110000000.000000,0.000000,751000000.000000,61732000000.000000,40.054000
ARQ,2021-09-30,2021-11-04,2021-09-30,2021-Q3,-24371000000.000000,177096800000.000000,2025-04-29,2343000000.000000,547107000000.000000,,57230000000.000000,489877000000.000000,,22.838000,-4704000000.000000,21270000000.000000,21270000000.000000,17826000000.000000,6273000000.000000,0.701000,2.234000,202109000000.000000,24935000000.000000,177174000000.000000,202109000000.000000,4991000000.000000,5619000000.000000,0.000000,0.084000,0.520000,9124000000.000000,14743000000.000000,0.369000,14743000000.000000,9124000000.000000,7457000000.000000,0.820000,0.820000,0.820000,163771000000.000000,,163771000000.000000,357935800000.000000,34.000000,10.282000,5162000000.000000,0.720000,1.000000,22096000000.000000,0.553000,280521000000.000000,1667000000.000000,365824000000.000000,,20899000000.000000,8629000000.000000,0.000000,8629000000.000000,365804000000.000000,81601000000.000000,284203000000.000000,9429000000.000000,8087000000.000000,-2000000.000000,755000000.000000,-3748000000.000000,-3735000000.000000,3298000000.000000,0.000000,9866000000.000000,0.000000,5918000000.000000,5868000000.000000,5868000000.000000,0.000000,355000000.000000,0.147000,14987000000.000000,7109000000.000000,47926000000.000000,0.634000,1.081000,187.603000,190.769000,161168000000.000000,50000000.000000,24.800000,1.020000,1.024000,16304000000.000000,41091000000.000000,39922000000.000000,39922000000.000000,0.000000,,,,,0.000000,9207000000.000000,1.000000,7141000000.000000,7171000000.000000,7202000000.000000,5.567000,266586000000.000000,0.000000,1539000000.000000,63405000000.000000,37.176000
ARQ,2021-12-31,2022-02-16,2021-12-31,2021-Q4,-25591000000.000000,171000852220.000000,2025-04-29,3529000000.000000,551622000000.000000,,59997000000.000000,491625000000.000000,,23.286000,-3831000000.000000,21169000000.000000,21169000000.000000,19795000000.000000,5390000000.000000,0.701000,2.211000,199956000000.000000,25875000000.000000,174081000000.000000,199956000000.000000,5303000000.000000,5673000000.000000,0.000000,0.087000,0.520000,7762000000.000000,13435000000.000000,0.328000,13435000000.000000,7762000000.000000,6099000000.000000,0.700000,0.690000,0.700000,166332000000.000000,,166332000000.000000,349787852220.000000,11.000000,6.326000,7423000000.000000,1.039000,1.000000,21163000000.000000,0.517000,280774000000.000000,1663000000.000000,364047000000.000000,,22447000000.000000,7274000000.000000,0.000000,7274000000.000000,367767000000.000000,85588000000.000000,282179000000.000000,-89000000.000000,-943000000.000000,-4000000.000000,-2166000000.000000,-3749000000.000000,-6587000000.000000,-4756000000.000000,0.000000,11254000000.000000,0.000000,5043000000.000000,4992000000.000000,4992000000.000000,0.000000,347000000.000000,0.122000,15855000000.000000,5308000000.000000,50661000000.000000,0.743000,1.028000,8.604000,8.643000,162026000000.000000,51000000.000000,23.940000,1.013000,1.013000,17571000000.000000,42350000000.000000,40958000000.000000,40958000000.000000,0.000000,,,,,0.000000,9994000000.000000,1.000000,7142892741.000000,7142892741.000000,,5.734000,270848000000.000000,0.000000,1056000000.000000,65226000000.000000,37.919000
ARQ,2022-03-31,2022-05-03,2022-03-31,2022-Q1,-5638000000.000000,138383470000.000000,2025-04-29,3290000000.000000,577195000000.000000,,76856000000.000000,500339000000.000000,,23.530000,-4748000000.000000,38565000000.000000,38565000000.000000,17557000000.000000,5164000000.000000,0.932000,2.311000,229522000000.000000,28380000000.000000,201142000000.000000,229522000000.000000,5183000000.000000,5539000000.000000,0.000000,0.095000,0.278000,7975000000.000000,13514000000.000000,0.355000,13514000000.000000,7975000000.000000,6253000000.000000,0.660000,0.650000,0.660000,169036000000.000000,,169036000000.000000,329340470000.000000,11.000000,6.400000,984000000.000000,0.137000,1.000000,20548000000.000000,0.539000,280587000000.000000,1722000000.000000,405071000000.000000,,22956000000.000000,5943000000.000000,0.000000,5943000000.000000,390639000000.000000,82494000000.000000,308145000000.000000,17332000000.000000,-7918000000.000000,-171000000.000000,29105000000.000000,-3749000000.000000,24251000000.000000,-12651000000.000000,0.000000,5732000000.000000,0.000000,4810000000.000000,4762000000.000000,4762000000.000000,0.000000,354000000.000000,0.125000,14907000000.000000,5641000000.000000,46845000000.000000,0.421000,0.819000,8.076000,8.088000,162586000000.000000,48000000.000000,19.330000,0.849000,0.852000,17218000000.000000,45041000000.000000,38105000000.000000,38105000000.000000,0.000000,,,,,0.000000,9368000000.000000,1.000000,7159000000.000000,7184000000.000000,7556000000.000000,5.304000,296608000000.000000,0.000000,1443000000.000000,65963000000.000000,41.287000
ARQ,2022-06-30,2022-08-04,2022-06-30,2022-Q2,-14704000000.000000,130192020000.000000,2025-04-29,2307000000.000000,426433000000.000000,,34485000000.000000,391948000000.000000,,16.424000,-4728000000.000000,4018000000.000000,4018000000.000000,12341000000.000000,4537000000.000000,0.701000,2.472000,155325000000.000000,6829000000.000000,148496000000.000000,155325000000.000000,3603000000.000000,3373000000.000000,0.000000,0.087000,0.278000,7168000000.000000,10541000000.000000,0.356000,10541000000.000000,7168000000.000000,5666000000.000000,0.570000,0.560000,0.570000,117746000000.000000,,117746000000.000000,281499020000.000000,9.000000,5.389000,1179000000.000000,0.164000,1.000000,17302000000.000000,0.584000,221674000000.000000,1502000000.000000,306877000000.000000,,3241000000.000000,4523000000.000000,0.000000,4523000000.000000,291126000000.000000,49189000000.000000,241937000000.000000,-34531000000.000000,8000000.000000,-673000000.000000,-69746000000.000000,-2086000000.000000,-36650000000.000000,-3788000000.000000,0.000000,5907000000.000000,0.000000,4157000000.000000,4105000000.000000,4105000000.000000,214000000.000000,380000000.000000,0.138000,12346000000.000000,4956000000.000000,36659000000.000000,0.488000,1.106000,6.600000,6.644000,146943000000.000000,52000000.000000,18.270000,0.876000,0.881000,11377000000.000000,2128000000.000000,29643000000.000000,29643000000.000000,0.000000,,,,,0.000000,7265000000.000000,1.000000,7126000000.000000,7169000000.000000,7611000000.000000,4.135000,204759000000.000000,0.000000,1509000000.000000,55301000000.000000,28.562000
ARQ,2022-09-30,2022-11-03,2022-09-30,2022-Q3,-19962000000.000000,129497590000.000000,2025-04-29,2873000000.000000,426463000000.000000,,32295000000.000000,394168000000.000000,,17.113000,-5921000000.000000,2423000000.000000,2423000000.000000,12201000000.000000,6399000000.000000,0.618000,2.340000,152492000000.000000,9897000000.000000,142595000000.000000,152492000000.000000,3705000000.000000,4514000000.000000,0.000000,0.074000,0.278000,8354000000.000000,12868000000.000000,0.428000,12868000000.000000,8354000000.000000,6934000000.000000,0.830000,0.800000,0.830000,122406000000.000000,,122406000000.000000,279566590000.000000,9.000000,5.552000,4150000000.000000,0.580000,1.000000,17842000000.000000,0.594000,221943000000.000000,1420000000.000000,302332000000.000000,,3935000000.000000,3964000000.000000,0.000000,3964000000.000000,286485000000.000000,52257000000.000000,234228000000.000000,-1623000000.000000,205000000.000000,-3000000.000000,-1421000000.000000,-2010000000.000000,-6151000000.000000,-5543000000.000000,0.000000,10071000000.000000,0.000000,6026000000.000000,5977000000.000000,5977000000.000000,-53000000.000000,373000000.000000,0.199000,11830000000.000000,6012000000.000000,36642000000.000000,0.335000,1.058000,6.528000,6.583000,148827000000.000000,49000000.000000,18.170000,0.933000,0.937000,11384000000.000000,6127000000.000000,30043000000.000000,30043000000.000000,0.000000,,,,,0.000000,7202000000.000000,1.000000,7127000000.000000,7153000000.000000,7647000000.000000,4.200000,204520000000.000000,0.000000,908000000.000000,56055000000.000000,28.592000
ARQ,2022-12-31,2023-02-13,2022-12-31,2022-Q4,-23065000000.000000,137321302421.000000,2025-04-29,2766000000.000000,402853000000.000000,,33108000000.000000,369745000000.000000,,13.675000,-4229000000.000000,3701000000.000000,3701000000.000000,13571000000.000000,-23155000000.000000,0.589000,3.040000,154679000000.000000,7597000000.000000,147082000000.000000,154679000000.000000,3918000000.000000,4595000000.000000,0.000000,0.058000,0.278000,-22034000000.000000,-17439000000.000000,-0.556000,-17439000000.000000,-22034000000.000000,-23594000000.000000,-3.190000,-3.140000,-3.190000,97500000000.000000,,97500000000.000000,288299302421.000000,211.000000,14.872000,6084000000.000000,0.853000,1.000000,17772000000.000000,0.567000,197341000000.000000,1560000000.000000,300317000000.000000,,3123000000.000000,3533000000.000000,0.000000,3533000000.000000,296396000000.000000,56173000000.000000,240223000000.000000,1299000000.000000,353000000.000000,-15000000.000000,-894000000.000000,-2014000000.000000,-5191000000.000000,-3823000000.000000,0.000000,10313000000.000000,0.000000,-23517000000.000000,-23571000000.000000,-23571000000.000000,35000000.000000,362000000.000000,-0.752000,38864000000.000000,-21092000000.000000,42644000000.000000,-0.087000,1.408000,-15.735000,-17.044000,149259000000.000000,54000000.000000,19.260000,1.137000,1.137000,11466000000.000000,-19415000000.000000,31343000000.000000,31343000000.000000,0.000000,,,,,0.000000,7516000000.000000,1.000000,7129870323.000000,7129870323.000000,,4.396000,205512000000.000000,0.000000,-77000000.000000,57032000000.000000,28.824000
ARQ,2023-03-31,2023-05-01,2023-03-31,2023-Q1,-28247000000.000000,125107500000.000000,2025-04-29,2354000000.000000,400873000000.000000,,29903000000.000000,370970000000.000000,,13.867000,-4335000000.000000,2821000000.000000,2821000000.000000,12331000000.000000,4453000000.000000,0.514000,2.943000,155897000000.000000,13757000000.000000,142140000000.000000,155897000000.000000,3922000000.000000,4631000000.000000,0.000000,0.063000,0.278000,7250000000.000000,11881000000.000000,0.394000,11881000000.000000,7250000000.000000,5542000000.000000,0.580000,0.570000,0.580000,99396000000.000000,,99396000000.000000,278183500000.000000,377.000000,15.584000,2343000000.000000,0.327000,1.000000,17808000000.000000,0.591000,197743000000.000000,1708000000.000000,298056000000.000000,,2791000000.000000,2810000000.000000,0.000000,2810000000.000000,292527000000.000000,58150000000.000000,234377000000.000000,-851000000.000000,498000000.000000,-185000000.000000,-1731000000.000000,-2014000000.000000,-3711000000.000000,-3818000000.000000,0.000000,6678000000.000000,0.000000,4228000000.000000,4176000000.000000,4176000000.000000,0.000000,225000000.000000,0.139000,11806000000.000000,6002000000.000000,38389000000.000000,0.479000,1.259000,-13.434000,-14.463000,150077000000.000000,52000000.000000,17.500000,1.033000,1.035000,10214000000.000000,-15187000000.000000,30139000000.000000,30139000000.000000,0.000000,,,,,0.000000,7175000000.000000,1.000000,7149000000.000000,7168000000.000000,7474000000.000000,4.205000,203130000000.000000,0.000000,1314000000.000000,57294000000.000000,28.338000
ARQ,2023-06-30,2023-07-27,2023-06-30,2023-Q2,-17487000000.000000,103731990000.000000,2025-04-29,2305000000.000000,408453000000.000000,,36672000000.000000,371781000000.000000,,14.193000,-4270000000.000000,9528000000.000000,9528000000.000000,11827000000.000000,4762000000.000000,0.677000,2.869000,161591000000.000000,15268000000.000000,146323000000.000000,161591000000.000000,3833000000.000000,4675000000.000000,0.000000,0.076000,0.278000,7500000000.000000,12175000000.000000,0.407000,12175000000.000000,7500000000.000000,5892000000.000000,0.610000,0.610000,0.610000,101903000000.000000,,101903000000.000000,255794990000.000000,239.000000,13.128000,5652000000.000000,0.787000,1.000000,18090000000.000000,0.605000,198242000000.000000,1608000000.000000,308115000000.000000,,2348000000.000000,2779000000.000000,0.000000,2779000000.000000,292378000000.000000,54159000000.000000,238219000000.000000,6680000000.000000,-23000000.000000,-1000000.000000,3494000000.000000,-2083000000.000000,2181000000.000000,-5423000000.000000,-1056000000.000000,9922000000.000000,0.000000,4489000000.000000,4437000000.000000,4437000000.000000,0.000000,273000000.000000,0.148000,11684000000.000000,6406000000.000000,33038000000.000000,0.456000,1.018000,-11.550000,-12.402000,150364000000.000000,52000000.000000,14.510000,0.854000,0.858000,9304000000.000000,-10698000000.000000,29917000000.000000,29917000000.000000,0.000000,,,,,0.000000,7009000000.000000,1.000000,7149000000.000000,7180000000.000000,7180000000.000000,4.167000,210211000000.000000,0.000000,1403000000.000000,57972000000.000000,29.277000
ARQ,2023-09-30,2023-10-31,2023-09-30,2023-Q3,-16064000000.000000,110110309817.000000,2025-04-29,2545000000.000000,406698000000.000000,,35620000000.000000,371078000000.000000,,14.433000,-4647000000.000000,7540000000.000000,7540000000.000000,12054000000.000000,3826000000.000000,0.689000,2.785000,155733000000.000000,11302000000.000000,144431000000.000000,155733000000.000000,3703000000.000000,4705000000.000000,0.000000,0.072000,0.278000,6311000000.000000,11016000000.000000,0.363000,11016000000.000000,6311000000.000000,4649000000.000000,0.480000,0.480000,0.480000,103703000000.000000,,103703000000.000000,258303309817.000000,-265.000000,14.649000,5689000000.000000,0.792000,1.000000,18296000000.000000,0.603000,200299000000.000000,1662000000.000000,302908000000.000000,,2520000000.000000,1847000000.000000,0.000000,1847000000.000000,288843000000.000000,51684000000.000000,237159000000.000000,-1963000000.000000,115000000.000000,-1000000.000000,-5372000000.000000,-2019000000.000000,-7754000000.000000,-4545000000.000000,13000000.000000,10336000000.000000,0.000000,3495000000.000000,3444000000.000000,3444000000.000000,0.000000,331000000.000000,0.113000,12514000000.000000,5782000000.000000,34659000000.000000,0.579000,1.062000,-9.563000,-10.132000,149497000000.000000,51000000.000000,15.400000,0.904000,0.909000,8962000000.000000,-7203000000.000000,30350000000.000000,30350000000.000000,0.000000,,,,,0.000000,7205000000.000000,1.000000,7150020118.000000,7185000000.000000,7185000000.000000,4.224000,206399000000.000000,0.000000,1154000000.000000,58671000000.000000,28.726000
ARQ,2023-12-31,2024-02-23,2023-12-31,2023-Q4,-14669000000.000000,120166909850.000000,2025-04-29,2300000000.000000,407060000000.000000,,36458000000.000000,370602000000.000000,,14.441000,-4601000000.000000,6722000000.000000,6722000000.000000,13911000000.000000,2582000000.000000,0.713000,2.804000,154899000000.000000,9477000000.000000,145422000000.000000,154899000000.000000,3778000000.000000,4766000000.000000,0.000000,0.066000,0.278000,4268000000.000000,9034000000.000000,0.282000,9034000000.000000,4268000000.000000,2542000000.000000,0.300000,0.300000,0.300000,103297000000.000000,,103297000000.000000,268343909850.000000,11.000000,6.084000,6777000000.000000,0.947000,1.000000,18111000000.000000,0.566000,200356000000.000000,1726000000.000000,303754000000.000000,,2177000000.000000,1251000000.000000,0.000000,1251000000.000000,289618000000.000000,51127000000.000000,238491000000.000000,-826000000.000000,-1411000000.000000,-4000000.000000,-3226000000.000000,-2020000000.000000,-6330000000.000000,-5874000000.000000,141000000.000000,11378000000.000000,0.000000,2188000000.000000,2135000000.000000,2135000000.000000,0.000000,394000000.000000,0.067000,12840000000.000000,5271000000.000000,35852000000.000000,0.927000,1.163000,8.467000,8.528000,149394000000.000000,53000000.000000,16.800000,0.982000,0.982000,10289000000.000000,-5015000000.000000,32022000000.000000,32022000000.000000,0.000000,,,,,0.000000,7485000000.000000,1.000000,7152792253.000000,7152792253.000000,,4.477000,206704000000.000000,0.000000,354000000.000000,58666000000.000000,28.898000
ARQ,2024-03-31,2024-05-02,2024-03-31,2024-Q1,-14389000000.000000,120602177049.000000,2025-04-29,2167000000.000000,399428000000.000000,,30445000000.000000,368983000000.000000,,14.536000,-3758000000.000000,3520000000.000000,3520000000.000000,11954000000.000000,3751000000.000000,0.679000,2.686000,150055000000.000000,7060000000.000000,142995000000.000000,150055000000.000000,3713000000.000000,5047000000.000000,0.000000,0.066000,0.278000,6287000000.000000,11334000000.000000,0.377000,11334000000.000000,6287000000.000000,4563000000.000000,0.470000,0.470000,0.470000,104540000000.000000,,104540000000.000000,267137177049.000000,11.000000,6.133000,3789000000.000000,0.527000,1.000000,18074000000.000000,0.602000,200558000000.000000,1724000000.000000,300571000000.000000,,2127000000.000000,891000000.000000,0.000000,891000000.000000,280808000000.000000,44834000000.000000,235974000000.000000,-3229000000.000000,-9000000.000000,-157000000.000000,-5098000000.000000,-2034000000.000000,-7815000000.000000,-2961000000.000000,1079000000.000000,7547000000.000000,0.000000,3445000000.000000,3395000000.000000,3395000000.000000,0.000000,306000000.000000,0.113000,12227000000.000000,5847000000.000000,31973000000.000000,0.591000,1.154000,8.993000,9.043000,148519000000.000000,50000000.000000,16.820000,0.986000,0.989000,9577000000.000000,-1570000000.000000,30028000000.000000,30028000000.000000,0.000000,,,,,0.000000,7021000000.000000,1.000000,7170165104.000000,7192000000.000000,7193000000.000000,4.175000,198870000000.000000,0.000000,1118000000.000000,58820000000.000000,27.652000
ARQ,2024-06-30,2024-07-25,2024-06-30,2024-Q2,-12561000000.000000,137596980000.000000,2025-04-29,1440000000.000000,398026000000.000000,,29868000000.000000,368158000000.000000,,14.635000,-4360000000.000000,3093000000.000000,3093000000.000000,11442000000.000000,3949000000.000000,0.704000,2.646000,147778000000.000000,5249000000.000000,142529000000.000000,147778000000.000000,3981000000.000000,5072000000.000000,0.000000,0.058000,0.278000,6438000000.000000,11510000000.000000,0.386000,11510000000.000000,6438000000.000000,4739000000.000000,0.490000,0.490000,0.490000,105310000000.000000,,105310000000.000000,282281980000.000000,12.000000,6.581000,4733000000.000000,0.658000,1.000000,18355000000.000000,0.616000,200410000000.000000,1699000000.000000,299872000000.000000,,1816000000.000000,584000000.000000,0.000000,584000000.000000,278679000000.000000,42429000000.000000,236250000000.000000,-401000000.000000,339000000.000000,-2000000.000000,-2511000000.000000,-2099000000.000000,-5478000000.000000,-4016000000.000000,68000000.000000,9093000000.000000,0.000000,3597000000.000000,3546000000.000000,3546000000.000000,0.000000,352000000.000000,0.119000,12595000000.000000,5760000000.000000,31173000000.000000,0.567000,1.307000,10.990000,11.029000,148354000000.000000,51000000.000000,19.190000,1.126000,1.130000,9686000000.000000,2000000.000000,29797000000.000000,29797000000.000000,0.000000,,,,,0.000000,7043000000.000000,1.000000,7170243877.000000,7196000000.000000,7198000000.000000,4.141000,197616000000.000000,0.000000,1142000000.000000,58918000000.000000,27.462000
ARQ,2024-09-30,2024-10-29,2024-09-30,2024-Q3,-10859000000.000000,159147913502.000000,2025-04-29,648000000.000000,393719000000.000000,,29799000000.000000,363920000000.000000,,14.211000,-5302000000.000000,2586000000.000000,2586000000.000000,11630000000.000000,145000000.000000,0.733000,2.711000,146343000000.000000,2637000000.000000,143706000000.000000,146343000000.000000,4059000000.000000,5087000000.000000,0.000000,0.050000,0.278000,2786000000.000000,7873000000.000000,0.261000,7873000000.000000,2786000000.000000,1111000000.000000,-0.030000,-0.030000,-0.030000,102351000000.000000,,102351000000.000000,302904913502.000000,15.000000,7.620000,4933000000.000000,0.685000,1.000000,18583000000.000000,0.615000,195822000000.000000,1675000000.000000,300996000000.000000,,2529000000.000000,281000000.000000,0.000000,281000000.000000,277437000000.000000,40658000000.000000,236779000000.000000,-477000000.000000,342000000.000000,-41000000.000000,-3067000000.000000,-2038000000.000000,-5562000000.000000,-5150000000.000000,6000000.000000,10235000000.000000,0.000000,-174000000.000000,-226000000.000000,-226000000.000000,0.000000,319000000.000000,-0.007000,16467000000.000000,2116000000.000000,31935000000.000000,-9.267000,1.555000,17.983000,18.033000,148743000000.000000,52000000.000000,22.180000,1.304000,1.309000,9068000000.000000,-185000000.000000,30213000000.000000,30213000000.000000,0.000000,,,,,0.000000,6958000000.000000,1.000000,7175289157.000000,7202000000.000000,7208000000.000000,4.195000,197897000000.000000,0.000000,1285000000.000000,58461000000.000000,27.478000
ARQ,2024-12-31,2025-02-12,2024-12-31,2024-Q4,-15704000000.000000,182038720880.000000,2025-04-29,795000000.000000,394795000000.000000,,31168000000.000000,363627000000.000000,,14.540000,-6843000000.000000,3298000000.000000,3298000000.000000,14195000000.000000,4408000000.000000,0.665000,2.650000,140923000000.000000,5089000000.000000,135834000000.000000,140923000000.000000,4099000000.000000,5374000000.000000,0.000000,0.044000,0.280000,6641000000.000000,12015000000.000000,0.372000,12015000000.000000,6641000000.000000,4980000000.000000,0.560000,0.560000,0.560000,104372000000.000000,,104372000000.000000,319663720880.000000,14.000000,7.481000,5053000000.000000,0.704000,1.000000,18103000000.000000,0.560000,195722000000.000000,1661000000.000000,289826000000.000000,,2270000000.000000,295000000.000000,0.000000,295000000.000000,276550000000.000000,46872000000.000000,229678000000.000000,680000000.000000,-49000000.000000,0.000000,-3390000000.000000,-2037000000.000000,-5853000000.000000,-5363000000.000000,1422000000.000000,11896000000.000000,0.000000,4080000000.000000,4031000000.000000,4031000000.000000,0.000000,328000000.000000,0.125000,12777000000.000000,5326000000.000000,35657000000.000000,0.500000,1.744000,16.940000,17.020000,149780000000.000000,49000000.000000,25.360000,1.488000,1.488000,9638000000.000000,1871000000.000000,32298000000.000000,32298000000.000000,0.000000,,,,,0.000000,7389000000.000000,1.000000,7178183000.000000,7178183000.000000,,4.499000,199073000000.000000,0.000000,900000000.000000,58939000000.000000,27.733000
ARQ,2025-03-31,2025-04-29,2025-03-31,2025-Q1,-14219000000.000000,196439939459.000000,2025-04-29,-142000000.000000,397467000000.000000,,33780000000.000000,363687000000.000000,,14.383000,-4277000000.000000,6885000000.000000,6885000000.000000,12033000000.000000,4692000000.000000,0.704000,2.676000,143594000000.000000,8902000000.000000,134692000000.000000,143594000000.000000,3951000000.000000,5190000000.000000,0.000000,0.041000,0.278000,7308000000.000000,12498000000.000000,0.408000,12498000000.000000,7308000000.000000,5650000000.000000,0.610000,0.610000,0.610000,103744000000.000000,,103744000000.000000,333148939459.000000,14.000000,7.590000,4772000000.000000,0.662000,1.000000,18593000000.000000,0.607000,196031000000.000000,1658000000.000000,290146000000.000000,,2593000000.000000,942000000.000000,0.000000,942000000.000000,277609000000.000000,47999000000.000000,229610000000.000000,3538000000.000000,-9000000.000000,-201000000.000000,1227000000.000000,-2091000000.000000,-553000000.000000,-4958000000.000000,45000000.000000,9049000000.000000,0.000000,4351000000.000000,4395000000.000000,4395000000.000000,0.000000,341000000.000000,0.144000,12839000000.000000,5754000000.000000,33113000000.000000,0.456000,1.894000,16.724000,16.748000,149459000000.000000,-44000000.000000,27.300000,1.598000,1.602000,9228000000.000000,4215000000.000000,30626000000.000000,30626000000.000000,0.000000,,,,,0.000000,7145000000.000000,1.000000,7195602178.000000,7213000000.000000,7223000000.000000,4.246000,201436000000.000000,0.000000,1299000000.000000,59144000000.000000,27.927000
ART,1996-12-31,1997-03-11,1996-12-31,1996-Q4,-1908000000.000000,34583156281.000000,2025-04-29,-633000000.000000,23449000000.000000,,3912000000.000000,19537000000.000000,,5.630000,-3027000000.000000,242000000.000000,242000000.000000,4135000000.000000,2101000000.000000,0.672000,2.431000,7227000000.000000,1722000000.000000,5505000000.000000,7227000000.000000,0.000000,2240000000.000000,0.000000,0.030000,0.860000,3739000000.000000,5979000000.000000,0.430000,5979000000.000000,3739000000.000000,3267000000.000000,1.730000,,1.730000,6835000000.000000,,6835000000.000000,41568156281.000000,11.000000,6.952000,1797000000.000000,1.480000,1.000000,9763000000.000000,0.702000,2485000000.000000,472000000.000000,22129000000.000000,,116000000.000000,2468000000.000000,513000000.000000,1955000000.000000,16614000000.000000,5820000000.000000,10794000000.000000,-248000000.000000,-226000000.000000,-598000000.000000,-104000000.000000,-928000000.000000,-1630000000.000000,-3442000000.000000,-189000000.000000,4824000000.000000,0.000000,2101000000.000000,2101000000.000000,2101000000.000000,0.000000,0.000000,0.151000,6207000000.000000,3556000000.000000,3839000000.000000,0.497000,5.060000,16.460000,16.691000,14007000000.000000,0.000000,28.875000,2.488000,2.522000,2575000000.000000,1739000000.000000,13898000000.000000,13898000000.000000,0.000000,,,,0.269000,0.000000,3967000000.000000,1.000000,1197685066.000000,1214000000.000000,,11.448000,20964000000.000000,0.000000,1166000000.000000,1039000000.000000,17.269000
ART,1997-03-31,1997-05-09,1997-03-31,1997-Q1,-1326000000.000000,51431171248.000000,2025-04-29,-534000000.000000,23737000000.000000,,4241000000.000000,19496000000.000000,,5.962000,,733000000.000000,733000000.000000,,,0.762000,2.324000,7794000000.000000,2054000000.000000,5740000000.000000,7794000000.000000,0.000000,,0.000000,0.031000,0.869000,,,,,,,,,,7142000000.000000,,7142000000.000000,58492171248.000000,,,,,1.000000,,,2466000000.000000,,22765000000.000000,,0.000000,2114000000.000000,307000000.000000,1807000000.000000,16595000000.000000,5567000000.000000,11028000000.000000,,,,,,,,,,,,,,,,,,,3245000000.000000,,7.201000,,,14126000000.000000,,28.190000,,,2379000000.000000,1989000000.000000,,,,,,,,,,1.000000,1824447366.000000,1198000000.000000,,,21271000000.000000,0.000000,,1094000000.000000,17.755000
ART,1997-06-30,1997-08-13,1997-06-30,1997-Q2,-4471000000.000000,52551969462.000000,2025-04-29,-555000000.000000,41246000000.000000,,7430000000.000000,33816000000.000000,,4.953000,,744000000.000000,744000000.000000,,,0.624000,3.560000,14852000000.000000,3754000000.000000,11098000000.000000,14852000000.000000,0.000000,,0.000000,0.031000,0.878000,,,,,,,,,,9045000000.000000,,9045000000.000000,66659969462.000000,,,,,1.000000,,,3308000000.000000,,40145000000.000000,,0.000000,2737000000.000000,241000000.000000,2496000000.000000,32201000000.000000,11901000000.000000,20300000000.000000,,,,,,,,,,,,,,,,,,,7738000000.000000,,5.810000,,,26433000000.000000,,28.750000,,,4700000000.000000,551000000.000000,,,,,,,,,,1.000000,1827894590.000000,1826000000.000000,,,37938000000.000000,812000000.000000,,1175000000.000000,20.777000
ART,1997-09-30,1997-11-12,1997-09-30,1997-Q3,-4110000000.000000,61585545973.000000,2025-04-29,-551000000.000000,42056000000.000000,32622000000.000000,7623000000.000000,34433000000.000000,,5.217000,,705000000.000000,705000000.000000,,,0.650000,3.410000,15084000000.000000,3448000000.000000,11636000000.000000,15084000000.000000,0.000000,,0.000000,0.026000,0.887000,,,,,,,,,,9536000000.000000,8139500000.000000,9536000000.000000,75964545973.000000,,,,,1.000000,,,3289000000.000000,,41413000000.000000,31613000000.000000,0.000000,3226000000.000000,504000000.000000,2722000000.000000,32520000000.000000,11733000000.000000,20787000000.000000,,,,,,,,,,,,,,,,,,,5874000000.000000,,6.458000,,,26774000000.000000,,33.595000,,,4867000000.000000,958000000.000000,,,,,,,,,,1.000000,1833175948.000000,1828000000.000000,,,38767000000.000000,755000000.000000,,3211000000.000000,21.207000
ART,1997-12-31,1998-03-11,1997-12-31,1997-Q4,-3190000000.000000,72178018357.000000,2025-04-29,-574000000.000000,42132000000.000000,37292750000.000000,7062000000.000000,35070000000.000000,0.667000,5.379000,-5766000000.000000,398000000.000000,398000000.000000,9488000000.000000,1474000000.000000,0.689000,3.259000,13972000000.000000,1953000000.000000,12019000000.000000,13972000000.000000,0.000000,4922000000.000000,0.000000,0.023000,0.896000,3284000000.000000,8206000000.000000,0.330000,8206000000.000000,3284000000.000000,2337000000.000000,0.405000,0.400000,0.405000,9892000000.000000,8903750000.000000,9892000000.000000,85752018357.000000,26.000000,10.450000,1204000000.000000,0.655000,1.000000,15368000000.000000,0.618000,3269000000.000000,947000000.000000,42185000000.000000,36627000000.000000,0.000000,3060000000.000000,320000000.000000,2740000000.000000,32240000000.000000,10252000000.000000,21988000000.000000,84000000.000000,-563000000.000000,198000000.000000,761000000.000000,-1622000000.000000,-670000000.000000,-6216000000.000000,113000000.000000,6970000000.000000,0.000000,1474000000.000000,1474000000.000000,1474000000.000000,0.000000,0.000000,0.059000,12198000000.000000,3170000000.000000,7888000000.000000,2.212000,7.297000,48.967000,96.914000,27339000000.000000,0.000000,39.250000,2.904000,2.904000,5015000000.000000,1146000000.000000,24856000000.000000,24856000000.000000,0.000000,0.040000,0.166000,0.090000,0.132000,0.000000,7276000000.000000,1.000000,1838930404.000000,1838930404.000000,,13.517000,38863000000.000000,622000000.000000,863000000.000000,2056000000.000000,21.133000
ART,1998-03-31,1998-05-11,1998-03-31,1998-Q1,-2863000000.000000,71365547050.000000,2025-04-29,-582000000.000000,42114000000.000000,41887000000.000000,6969000000.000000,35145000000.000000,0.604000,5.671000,-6170000000.000000,674000000.000000,674000000.000000,9626000000.000000,1529000000.000000,0.709000,3.038000,14419000000.000000,2661000000.000000,11758000000.000000,14419000000.000000,0.000000,5450000000.000000,0.000000,0.023000,0.906000,3365000000.000000,8815000000.000000,0.349000,8815000000.000000,3365000000.000000,2393000000.000000,0.435000,,0.435000,10429000000.000000,9725500000.000000,10429000000.000000,85110547050.000000,25.000000,9.655000,1433000000.000000,0.779000,1.000000,15663000000.000000,0.619000,3238000000.000000,972000000.000000,42789000000.000000,41633000000.000000,0.000000,2757000000.000000,176000000.000000,2581000000.000000,31685000000.000000,9832000000.000000,21853000000.000000,-131000000.000000,-771000000.000000,261000000.000000,596000000.000000,-1775000000.000000,-925000000.000000,-6809000000.000000,132000000.000000,7603000000.000000,0.000000,1529000000.000000,1529000000.000000,1529000000.000000,0.000000,0.000000,0.060000,12420000000.000000,3243000000.000000,6741000000.000000,2.083000,6.843000,46.675000,89.218000,27380000000.000000,0.000000,38.810000,2.822000,2.822000,4730000000.000000,1629000000.000000,25289000000.000000,25289000000.000000,0.000000,0.037000,0.157000,0.081000,0.133000,0.000000,7460000000.000000,1.000000,1838844294.000000,1839000000.000000,,13.751000,38876000000.000000,551000000.000000,864000000.000000,2321000000.000000,21.140000
ART,1998-06-30,1998-08-13,1998-06-30,1998-Q2,-2989000000.000000,72572862926.000000,2025-04-29,-650000000.000000,42600000000.000000,42225500000.000000,7035000000.000000,35565000000.000000,0.614000,5.908000,-5498000000.000000,615000000.000000,615000000.000000,9729000000.000000,3282000000.000000,0.702000,2.921000,13758000000.000000,2211000000.000000,11547000000.000000,13758000000.000000,0.000000,4453000000.000000,0.000000,0.023000,0.915000,6050000000.000000,10503000000.000000,0.405000,10503000000.000000,6050000000.000000,5085000000.000000,1.395000,,1.395000,10865000000.000000,10180500000.000000,10865000000.000000,85715862926.000000,14.000000,8.161000,2324000000.000000,1.264000,1.000000,16215000000.000000,0.625000,3208000000.000000,965000000.000000,42511000000.000000,42224500000.000000,0.000000,2575000000.000000,91000000.000000,2484000000.000000,31735000000.000000,10024000000.000000,21711000000.000000,-129000000.000000,-10000000.000000,143000000.000000,-1074000000.000000,-1662000000.000000,-2593000000.000000,-5358000000.000000,150000000.000000,7822000000.000000,0.000000,3282000000.000000,3282000000.000000,3282000000.000000,0.000000,0.000000,0.127000,10330000000.000000,5885000000.000000,5919000000.000000,0.656000,6.680000,22.112000,28.315000,27758000000.000000,0.000000,39.500000,2.797000,2.800000,4847000000.000000,2167000000.000000,25944000000.000000,25944000000.000000,0.000000,0.078000,0.322000,0.143000,0.233000,0.000000,5877000000.000000,1.000000,1837287669.000000,1839000000.000000,,14.108000,39392000000.000000,678000000.000000,1803000000.000000,3730000000.000000,21.420000
ART,1998-09-30,1998-11-04,1998-09-30,1998-Q3,-2401000000.000000,92304390274.000000,2025-04-29,-553000000.000000,42529000000.000000,42343750000.000000,7158000000.000000,35371000000.000000,0.623000,6.284000,-5499000000.000000,779000000.000000,779000000.000000,9767000000.000000,3673000000.000000,0.749000,2.688000,12847000000.000000,1630000000.000000,11217000000.000000,12847000000.000000,0.000000,4518000000.000000,0.000000,0.020000,0.925000,6675000000.000000,11193000000.000000,0.424000,11193000000.000000,6675000000.000000,5728000000.000000,1.610000,,1.610000,11531000000.000000,10679250000.000000,11531000000.000000,104372390274.000000,16.000000,9.325000,2582000000.000000,1.407000,1.000000,16608000000.000000,0.630000,2742000000.000000,947000000.000000,42296000000.000000,42445250000.000000,0.000000,2582000000.000000,37000000.000000,2545000000.000000,30998000000.000000,9559000000.000000,21439000000.000000,74000000.000000,760000000.000000,-172000000.000000,-1880000000.000000,-1684000000.000000,-3736000000.000000,-4271000000.000000,468000000.000000,8081000000.000000,0.000000,3673000000.000000,3673000000.000000,3673000000.000000,0.000000,0.000000,0.139000,10405000000.000000,6203000000.000000,5889000000.000000,0.575000,8.005000,25.131000,29.311000,27920000000.000000,0.000000,47.190000,3.500000,3.283000,4895000000.000000,2947000000.000000,26375000000.000000,26375000000.000000,0.000000,0.087000,0.344000,0.157000,0.253000,0.000000,5887000000.000000,1.000000,1956015899.000000,1835000000.000000,,14.373000,39787000000.000000,504000000.000000,2055000000.000000,3957000000.000000,21.682000
ART,1998-12-31,1999-03-12,1998-12-31,1998-Q4,-2451000000.000000,104122096588.000000,2025-04-29,-632000000.000000,45066000000.000000,43077250000.000000,7538000000.000000,37528000000.000000,0.668000,6.513000,-5927000000.000000,460000000.000000,460000000.000000,16714000000.000000,4023000000.000000,0.755000,2.526000,13163000000.000000,1551000000.000000,11612000000.000000,13163000000.000000,0.000000,5177000000.000000,0.000000,0.018000,0.935000,7322000000.000000,12499000000.000000,0.434000,12499000000.000000,7322000000.000000,6329000000.000000,2.060000,2.030000,2.060000,12780000000.000000,11401250000.000000,12780000000.000000,116825096588.000000,16.000000,9.347000,2454000000.000000,1.251000,1.000000,12063000000.000000,0.419000,3087000000.000000,993000000.000000,44693000000.000000,43072250000.000000,0.000000,2520000000.000000,6000000.000000,2514000000.000000,32286000000.000000,9989000000.000000,22297000000.000000,50000000.000000,1055000000.000000,-126000000.000000,-1081000000.000000,-1811000000.000000,-3783000000.000000,-4548000000.000000,313000000.000000,8381000000.000000,0.000000,4023000000.000000,4023000000.000000,4023000000.000000,0.000000,0.000000,0.140000,5177000000.000000,6886000000.000000,7980000000.000000,0.454000,8.147000,25.882000,25.757000,29920000000.000000,0.000000,53.060000,3.618000,3.618000,5790000000.000000,3396000000.000000,28777000000.000000,28777000000.000000,0.000000,0.093000,0.353000,0.170000,0.254000,0.000000,0.000000,1.000000,1962346336.000000,1962346336.000000,,14.665000,41979000000.000000,489000000.000000,2306000000.000000,2349000000.000000,21.392000
ART,1999-03-31,1999-05-11,1999-03-31,1999-Q1,-2132000000.000000,103592548448.000000,2025-04-29,-651000000.000000,45396000000.000000,43897750000.000000,7663000000.000000,37733000000.000000,0.676000,6.898000,-6260000000.000000,547000000.000000,547000000.000000,18485000000.000000,4226000000.000000,0.782000,2.354000,13244000000.000000,1840000000.000000,11404000000.000000,13244000000.000000,0.000000,5318000000.000000,0.000000,0.018000,0.945000,7620000000.000000,12938000000.000000,0.436000,12938000000.000000,7620000000.000000,6637000000.000000,2.140000,2.100000,2.140000,13533000000.000000,12177250000.000000,13533000000.000000,116289548448.000000,15.000000,8.988000,2792000000.000000,1.423000,1.000000,11185000000.000000,0.377000,3124000000.000000,983000000.000000,45174000000.000000,43668500000.000000,0.000000,2430000000.000000,0.000000,2430000000.000000,31863000000.000000,9795000000.000000,22068000000.000000,-139000000.000000,1049000000.000000,-58000000.000000,-1489000000.000000,-1855000000.000000,-4167000000.000000,-5024000000.000000,174000000.000000,9052000000.000000,0.000000,4226000000.000000,4226000000.000000,4226000000.000000,0.000000,0.000000,0.142000,3965000000.000000,7220000000.000000,5959000000.000000,0.442000,7.655000,24.513000,24.650000,30044000000.000000,0.000000,52.750000,3.491000,3.488000,5376000000.000000,4034000000.000000,29670000000.000000,29670000000.000000,0.000000,0.096000,0.347000,0.174000,0.257000,0.000000,-1353000000.000000,1.000000,1963839781.000000,1962000000.000000,,15.122000,42272000000.000000,678000000.000000,2411000000.000000,4003000000.000000,21.545000
ART,1999-06-30,1999-08-06,1999-06-30,1999-Q2,-1503000000.000000,113611725843.000000,2025-04-29,-612000000.000000,46060000000.000000,44762750000.000000,7873000000.000000,38187000000.000000,0.681000,7.334000,-6425000000.000000,848000000.000000,848000000.000000,20330000000.000000,4436000000.000000,0.840000,2.198000,12361000000.000000,1011000000.000000,11350000000.000000,12361000000.000000,0.000000,5452000000.000000,0.000000,0.017000,0.955000,7919000000.000000,13371000000.000000,0.439000,13371000000.000000,7919000000.000000,6961000000.000000,2.210000,2.170000,2.210000,14404000000.000000,13062000000.000000,14404000000.000000,125124725843.000000,16.000000,9.358000,3222000000.000000,1.641000,1.000000,10144000000.000000,0.333000,3202000000.000000,958000000.000000,44995000000.000000,44289500000.000000,0.000000,2430000000.000000,0.000000,2430000000.000000,31656000000.000000,9376000000.000000,22280000000.000000,221000000.000000,1389000000.000000,88000000.000000,-1909000000.000000,-1906000000.000000,-4492000000.000000,-4934000000.000000,90000000.000000,9647000000.000000,0.000000,4436000000.000000,4436000000.000000,4436000000.000000,0.000000,0.000000,0.146000,2686000000.000000,7458000000.000000,6095000000.000000,0.432000,7.888000,25.611000,26.131000,30358000000.000000,0.000000,57.750000,3.728000,3.722000,5342000000.000000,4731000000.000000,30474000000.000000,30474000000.000000,0.000000,0.099000,0.340000,0.179000,0.260000,0.000000,-2766000000.000000,1.000000,1967302612.000000,1964000000.000000,,15.516000,42858000000.000000,666000000.000000,2525000000.000000,4456000000.000000,21.822000
ART,1999-09-30,1999-11-12,1999-09-30,1999-Q3,-3710000000.000000,174185063260.000000,2025-04-29,-601000000.000000,49136000000.000000,46414500000.000000,7533000000.000000,41603000000.000000,0.678000,7.770000,-6808000000.000000,267000000.000000,267000000.000000,22207000000.000000,4507000000.000000,0.670000,2.215000,13888000000.000000,2622000000.000000,11266000000.000000,13888000000.000000,0.000000,5679000000.000000,0.000000,0.019000,0.965000,7996000000.000000,13675000000.000000,0.435000,13675000000.000000,7996000000.000000,7055000000.000000,2.200000,2.160000,2.200000,15284000000.000000,14000250000.000000,15284000000.000000,187806063260.000000,23.000000,13.734000,3398000000.000000,1.728000,1.000000,9256000000.000000,0.294000,5758000000.000000,941000000.000000,45756000000.000000,45154500000.000000,0.000000,2510000000.000000,0.000000,2510000000.000000,33852000000.000000,11243000000.000000,22609000000.000000,-524000000.000000,-328000000.000000,371000000.000000,-1267000000.000000,-1956000000.000000,-3617000000.000000,-7113000000.000000,10000000.000000,10206000000.000000,0.000000,4507000000.000000,4507000000.000000,4507000000.000000,0.000000,0.000000,0.143000,1481000000.000000,7775000000.000000,6332000000.000000,0.439000,11.397000,38.648000,23.209000,31197000000.000000,0.000000,51.060000,5.536000,3.192000,5524000000.000000,5529000000.000000,31463000000.000000,31463000000.000000,0.000000,0.097000,0.322000,0.177000,0.254000,0.000000,-4198000000.000000,1.000000,3411380009.000000,1967000000.000000,,15.995000,43378000000.000000,663000000.000000,2548000000.000000,4865000000.000000,22.053000
ART,1999-12-31,2000-03-10,1999-12-31,1999-Q4,-7383000000.000000,142774365846.000000,2025-04-29,-1062000000.000000,83215000000.000000,55951750000.000000,11930000000.000000,71285000000.000000,0.884000,7.862000,-10304000000.000000,495000000.000000,495000000.000000,29338000000.000000,8159000000.000000,0.618000,2.114000,20849000000.000000,3374000000.000000,17475000000.000000,20849000000.000000,0.000000,8553000000.000000,0.000000,0.023000,0.975000,13869000000.000000,22422000000.000000,0.453000,22422000000.000000,13869000000.000000,12439000000.000000,2.390000,2.360000,2.390000,26726000000.000000,17486750000.000000,26726000000.000000,163128365846.000000,12.000000,7.275000,6274000000.000000,1.846000,1.000000,20151000000.000000,0.407000,6796000000.000000,1430000000.000000,77460000000.000000,53346250000.000000,0.000000,10648000000.000000,0.000000,10648000000.000000,56489000000.000000,19313000000.000000,37176000000.000000,-104000000.000000,-280000000.000000,-538000000.000000,-2350000000.000000,-3287000000.000000,-6105000000.000000,-10577000000.000000,5000000.000000,16578000000.000000,0.000000,8159000000.000000,8159000000.000000,8159000000.000000,0.000000,0.000000,0.165000,8553000000.000000,11598000000.000000,15103000000.000000,0.408000,5.342000,17.499000,17.573000,46571000000.000000,0.000000,42.000000,2.885000,2.885000,9378000000.000000,13798000000.000000,49489000000.000000,49489000000.000000,0.000000,0.146000,0.467000,0.260000,0.280000,0.000000,0.000000,1.000000,3399389663.000000,3399389663.000000,,14.558000,76419000000.000000,767000000.000000,4280000000.000000,5210000000.000000,22.480000
ART,2000-03-31,2000-05-10,2000-03-31,2000-Q1,-12319000000.000000,153519617507.000000,2025-04-29,-1161000000.000000,89401000000.000000,66953000000.000000,11986000000.000000,77415000000.000000,0.818000,8.225000,-11254000000.000000,678000000.000000,678000000.000000,32504000000.000000,8866000000.000000,0.493000,2.201000,25329000000.000000,8992000000.000000,16337000000.000000,25329000000.000000,0.000000,9569000000.000000,0.000000,0.022000,0.985000,15214000000.000000,24783000000.000000,0.453000,24783000000.000000,15214000000.000000,13651000000.000000,2.360000,2.330000,2.360000,27931000000.000000,21086250000.000000,27931000000.000000,178170617507.000000,12.000000,7.189000,6505000000.000000,1.915000,1.000000,22250000000.000000,0.406000,11194000000.000000,1563000000.000000,78553000000.000000,61691000000.000000,0.000000,11084000000.000000,0.000000,11084000000.000000,61470000000.000000,24305000000.000000,37165000000.000000,-8000000.000000,-4086000000.000000,-828000000.000000,1968000000.000000,-3666000000.000000,-2427000000.000000,-15340000000.000000,0.000000,17759000000.000000,0.000000,8866000000.000000,8866000000.000000,8866000000.000000,0.000000,0.000000,0.162000,9569000000.000000,12681000000.000000,14447000000.000000,0.417000,5.496000,17.316000,19.123000,47132000000.000000,0.000000,45.130000,2.804000,2.799000,8759000000.000000,14774000000.000000,54754000000.000000,54754000000.000000,0.000000,0.132000,0.420000,0.247000,0.278000,0.000000,0.000000,1.000000,3401719865.000000,3396000000.000000,,16.123000,78207000000.000000,572000000.000000,4785000000.000000,6052000000.000000,23.029000
ART,2000-06-30,2000-08-10,2000-06-30,2000-Q2,-13086000000.000000,143412381675.000000,2025-04-29,-1294000000.000000,91191000000.000000,78235750000.000000,12473000000.000000,78718000000.000000,0.774000,8.355000,-12644000000.000000,813000000.000000,813000000.000000,36225000000.000000,9541000000.000000,0.488000,2.214000,25739000000.000000,9812000000.000000,15927000000.000000,25739000000.000000,0.000000,10613000000.000000,0.000000,0.024000,0.995000,16501000000.000000,27114000000.000000,0.448000,27114000000.000000,16501000000.000000,14735000000.000000,2.300000,2.280000,2.300000,28375000000.000000,24579000000.000000,28375000000.000000,168338381675.000000,10.000000,6.209000,6094000000.000000,1.794000,1.000000,24345000000.000000,0.402000,11067000000.000000,1766000000.000000,79491000000.000000,70315000000.000000,0.000000,10918000000.000000,0.000000,10918000000.000000,62816000000.000000,25559000000.000000,37257000000.000000,-174000000.000000,-4451000000.000000,-1403000000.000000,3513000000.000000,-4048000000.000000,-1818000000.000000,-17094000000.000000,0.000000,18738000000.000000,0.000000,9541000000.000000,9541000000.000000,9541000000.000000,0.000000,0.000000,0.158000,10613000000.000000,13732000000.000000,14883000000.000000,0.433000,5.054000,15.031000,18.396000,48045000000.000000,0.000000,42.310000,2.368000,2.372000,9538000000.000000,15764000000.000000,60570000000.000000,60570000000.000000,0.000000,0.122000,0.388000,0.235000,0.272000,0.000000,0.000000,1.000000,3389562318.000000,3396000000.000000,,17.836000,80124000000.000000,461000000.000000,5194000000.000000,6372000000.000000,23.594000
ART,2000-09-30,2000-11-13,2000-09-30,2000-Q3,-12847000000.000000,196328325424.000000,2025-04-29,-1246000000.000000,94576000000.000000,89595750000.000000,13812000000.000000,80764000000.000000,0.740000,8.913000,-14765000000.000000,545000000.000000,545000000.000000,40190000000.000000,11262000000.000000,0.518000,2.133000,25303000000.000000,9413000000.000000,15890000000.000000,25303000000.000000,0.000000,11598000000.000000,0.000000,0.017000,1.005000,19417000000.000000,31015000000.000000,0.468000,31015000000.000000,19417000000.000000,17434000000.000000,2.540000,2.520000,2.540000,30190000000.000000,28305500000.000000,30190000000.000000,221086325424.000000,11.000000,7.128000,5293000000.000000,1.563000,1.000000,26069000000.000000,0.393000,12147000000.000000,1983000000.000000,80528000000.000000,79008000000.000000,0.000000,9937000000.000000,0.000000,9937000000.000000,64386000000.000000,26659000000.000000,37727000000.000000,139000000.000000,-1488000000.000000,-1864000000.000000,3001000000.000000,-4430000000.000000,-3158000000.000000,-16761000000.000000,-508000000.000000,20058000000.000000,0.000000,11262000000.000000,11262000000.000000,11262000000.000000,0.000000,0.000000,0.170000,11598000000.000000,14471000000.000000,12137000000.000000,0.396000,6.503000,17.433000,22.835000,49697000000.000000,0.000000,58.000000,2.963000,2.965000,10142000000.000000,17905000000.000000,66259000000.000000,66259000000.000000,0.000000,0.126000,0.398000,0.246000,0.293000,0.000000,0.000000,1.000000,3384971128.000000,3387000000.000000,,19.563000,82429000000.000000,590000000.000000,6172000000.000000,11116000000.000000,24.337000
ART,2000-12-31,2001-03-12,2000-12-31,2000-Q4,-7141000000.000000,151471589278.000000,2025-04-29,-1307000000.000000,98651000000.000000,93454750000.000000,23216000000.000000,75435000000.000000,0.551000,9.028000,-13124000000.000000,643000000.000000,643000000.000000,30985000000.000000,7967000000.000000,0.765000,2.238000,25962000000.000000,10470000000.000000,15492000000.000000,25962000000.000000,0.000000,9748000000.000000,0.000000,0.023000,1.015000,14480000000.000000,24228000000.000000,0.471000,24228000000.000000,14480000000.000000,12888000000.000000,2.350000,2.320000,2.350000,30463000000.000000,29239750000.000000,30463000000.000000,176790589278.000000,12.000000,7.297000,1175000000.000000,0.348000,1.000000,20491000000.000000,0.398000,5475000000.000000,1592000000.000000,88138000000.000000,81677500000.000000,0.000000,21946000000.000000,9568000000.000000,12378000000.000000,68188000000.000000,30357000000.000000,37831000000.000000,148000000.000000,-823000000.000000,-1523000000.000000,5128000000.000000,-3418000000.000000,252000000.000000,-14403000000.000000,-455000000.000000,14299000000.000000,0.000000,7967000000.000000,7967000000.000000,7967000000.000000,0.000000,0.000000,0.155000,9748000000.000000,10743000000.000000,15432000000.000000,0.432000,4.972000,19.012000,19.102000,47195000000.000000,0.000000,44.890000,2.943000,2.943000,10144000000.000000,18341000000.000000,51476000000.000000,51476000000.000000,0.000000,0.085000,0.272000,0.177000,0.281000,0.000000,0.000000,1.000000,3374283566.000000,3374283566.000000,,15.255000,93176000000.000000,671000000.000000,4921000000.000000,10716000000.000000,27.614000
ART,2001-03-31,2001-05-11,2001-03-31,2001-Q1,-6211000000.000000,142296565612.000000,2025-04-29,-1568000000.000000,97325000000.000000,95435750000.000000,21714000000.000000,75611000000.000000,0.525000,8.977000,-13582000000.000000,551000000.000000,551000000.000000,29835000000.000000,7999000000.000000,0.778000,2.210000,27204000000.000000,10643000000.000000,16561000000.000000,27204000000.000000,0.000000,9933000000.000000,0.000000,0.024000,1.017000,14497000000.000000,24430000000.000000,0.488000,24430000000.000000,14497000000.000000,12802000000.000000,2.360000,2.330000,2.360000,30316000000.000000,29836000000.000000,30316000000.000000,168949565612.000000,12.000000,6.916000,-271000000.000000,-0.080000,1.000000,20259000000.000000,0.404000,5022000000.000000,1695000000.000000,91031000000.000000,84797000000.000000,0.000000,20537000000.000000,9138000000.000000,11399000000.000000,67009000000.000000,27925000000.000000,39084000000.000000,-127000000.000000,4297000000.000000,-2274000000.000000,1961000000.000000,-3443000000.000000,-4208000000.000000,-9230000000.000000,55000000.000000,13311000000.000000,0.000000,7999000000.000000,7999000000.000000,7999000000.000000,0.000000,0.000000,0.160000,9933000000.000000,10326000000.000000,13770000000.000000,0.431000,4.694000,17.789000,17.903000,47550000000.000000,0.000000,42.250000,2.841000,2.848000,9315000000.000000,19333000000.000000,50094000000.000000,50094000000.000000,0.000000,0.084000,0.268000,0.171000,0.289000,0.000000,0.000000,1.000000,3367966050.000000,3377000000.000000,,14.834000,92303000000.000000,612000000.000000,4803000000.000000,10235000000.000000,27.333000
ART,2001-06-30,2001-08-08,2001-06-30,2001-Q2,-10585000000.000000,144125342135.000000,2025-04-29,-1537000000.000000,95934000000.000000,96621500000.000000,12574000000.000000,83360000000.000000,0.501000,9.283000,-13527000000.000000,649000000.000000,649000000.000000,28165000000.000000,8219000000.000000,0.543000,2.069000,27045000000.000000,8021000000.000000,19024000000.000000,27045000000.000000,0.000000,9790000000.000000,0.000000,0.024000,1.020000,14807000000.000000,24597000000.000000,0.509000,24597000000.000000,14807000000.000000,13103000000.000000,2.440000,2.400000,2.440000,31255000000.000000,30556000000.000000,31255000000.000000,170521342135.000000,12.000000,6.933000,414000000.000000,0.123000,1.000000,20195000000.000000,0.418000,4957000000.000000,1704000000.000000,94214000000.000000,88477750000.000000,0.000000,17699000000.000000,0.000000,17699000000.000000,64679000000.000000,23159000000.000000,41520000000.000000,-164000000.000000,4777000000.000000,-2136000000.000000,1194000000.000000,-3447000000.000000,-5409000000.000000,-8696000000.000000,55000000.000000,13941000000.000000,0.000000,8219000000.000000,8219000000.000000,8219000000.000000,0.000000,0.000000,0.170000,9790000000.000000,10405000000.000000,10808000000.000000,0.418000,4.611000,17.536000,17.570000,48559000000.000000,0.000000,42.870000,2.980000,2.985000,9208000000.000000,20544000000.000000,48360000000.000000,48360000000.000000,0.000000,0.085000,0.269000,0.167000,0.306000,0.000000,0.000000,1.000000,3361916075.000000,3367000000.000000,,14.363000,90977000000.000000,574000000.000000,4884000000.000000,11166000000.000000,27.020000
ART,2001-09-30,2001-11-08,2001-09-30,2001-Q3,-10494000000.000000,127705688942.000000,2025-04-29,-1495000000.000000,95715000000.000000,96906250000.000000,12624000000.000000,83091000000.000000,0.477000,9.670000,-12018000000.000000,562000000.000000,562000000.000000,26236000000.000000,7292000000.000000,0.546000,1.944000,25359000000.000000,7318000000.000000,18041000000.000000,25359000000.000000,0.000000,9627000000.000000,0.000000,0.027000,1.023000,13255000000.000000,22882000000.000000,0.495000,22882000000.000000,13255000000.000000,11596000000.000000,2.170000,2.130000,2.170000,32512000000.000000,31136500000.000000,32512000000.000000,152502688942.000000,12.000000,6.665000,2061000000.000000,0.613000,1.000000,20008000000.000000,0.433000,4041000000.000000,1659000000.000000,93353000000.000000,91684000000.000000,0.000000,18130000000.000000,0.000000,18130000000.000000,63203000000.000000,23118000000.000000,40085000000.000000,17000000.000000,3435000000.000000,-1757000000.000000,260000000.000000,-3449000000.000000,-6066000000.000000,-7996000000.000000,588000000.000000,14079000000.000000,0.000000,7292000000.000000,7292000000.000000,7292000000.000000,0.000000,0.000000,0.158000,9627000000.000000,10381000000.000000,10582000000.000000,0.471000,3.928000,17.513000,17.507000,48872000000.000000,0.000000,37.990000,2.762000,2.762000,9319000000.000000,21751000000.000000,46244000000.000000,46244000000.000000,0.000000,0.075000,0.234000,0.145000,0.287000,0.000000,0.000000,1.000000,3361560646.000000,3362000000.000000,,13.755000,91674000000.000000,549000000.000000,4304000000.000000,11967000000.000000,27.268000
ART,2001-12-31,2002-02-28,2001-12-31,2001-Q4,-11368000000.000000,126840425145.000000,2025-04-29,-1590000000.000000,96322000000.000000,96324000000.000000,12580000000.000000,83742000000.000000,0.477000,9.693000,-11189000000.000000,703000000.000000,703000000.000000,25943000000.000000,7242000000.000000,0.525000,1.965000,26166000000.000000,9033000000.000000,17133000000.000000,26166000000.000000,0.000000,9077000000.000000,0.000000,0.027000,1.025000,12938000000.000000,22015000000.000000,0.480000,22015000000.000000,12938000000.000000,11339000000.000000,2.150000,2.130000,2.150000,32491000000.000000,31643500000.000000,32491000000.000000,152303425145.000000,12.000000,6.918000,3616000000.000000,1.079000,1.000000,19965000000.000000,0.435000,3577000000.000000,1599000000.000000,94260000000.000000,93214500000.000000,0.000000,17891000000.000000,0.000000,17891000000.000000,63831000000.000000,23948000000.000000,39883000000.000000,60000000.000000,2291000000.000000,-1745000000.000000,274000000.000000,-3456000000.000000,-6358000000.000000,-8387000000.000000,510000000.000000,14805000000.000000,0.000000,7242000000.000000,7242000000.000000,7242000000.000000,0.000000,0.000000,0.158000,9077000000.000000,10888000000.000000,11459000000.000000,0.477000,3.904000,17.515000,17.600000,49827000000.000000,0.000000,37.840000,2.763000,2.763000,9376000000.000000,22138000000.000000,45908000000.000000,45908000000.000000,0.000000,0.075000,0.229000,0.139000,0.282000,0.000000,0.000000,1.000000,3352019692.000000,3352019692.000000,,13.696000,92745000000.000000,713000000.000000,4097000000.000000,11450000000.000000,27.668000
ART,2002-03-31,2002-05-03,2002-03-31,2002-Q1,-9181000000.000000,104012927898.000000,2025-04-29,-1642000000.000000,94212000000.000000,95545750000.000000,11892000000.000000,82320000000.000000,0.473000,9.244000,-10147000000.000000,830000000.000000,830000000.000000,25940000000.000000,5307000000.000000,0.564000,2.045000,27551000000.000000,8489000000.000000,19062000000.000000,27551000000.000000,0.000000,8765000000.000000,0.000000,0.033000,1.039000,10713000000.000000,19478000000.000000,0.431000,19478000000.000000,10713000000.000000,9223000000.000000,1.590000,1.560000,1.590000,30938000000.000000,31799000000.000000,30938000000.000000,130733927898.000000,12.000000,6.712000,4970000000.000000,1.485000,1.000000,19300000000.000000,0.427000,1656000000.000000,1490000000.000000,98204000000.000000,95007750000.000000,0.000000,18468000000.000000,0.000000,18468000000.000000,63274000000.000000,21073000000.000000,42201000000.000000,279000000.000000,566000000.000000,-1331000000.000000,474000000.000000,-3457000000.000000,-5257000000.000000,-9581000000.000000,0.000000,15117000000.000000,0.000000,5307000000.000000,5307000000.000000,5307000000.000000,0.000000,0.000000,0.117000,8765000000.000000,10535000000.000000,9683000000.000000,0.653000,3.362000,19.599000,19.585000,49569000000.000000,0.000000,31.140000,2.299000,2.304000,8321000000.000000,21159000000.000000,45240000000.000000,45240000000.000000,0.000000,0.056000,0.167000,0.113000,0.237000,0.000000,0.000000,1.000000,3340171095.000000,3347000000.000000,,13.517000,92556000000.000000,739000000.000000,3916000000.000000,11153000000.000000,27.653000
ART,2002-06-30,2002-08-12,2002-06-30,2002-Q2,-8457000000.000000,89278495922.000000,2025-04-29,-1242000000.000000,94326000000.000000,95143750000.000000,12328000000.000000,81998000000.000000,0.469000,9.519000,-8941000000.000000,543000000.000000,543000000.000000,26144000000.000000,5081000000.000000,0.593000,1.973000,25799000000.000000,7742000000.000000,18057000000.000000,25799000000.000000,0.000000,8747000000.000000,0.000000,0.039000,1.052000,10139000000.000000,18886000000.000000,0.423000,18886000000.000000,10139000000.000000,8734000000.000000,1.520000,1.500000,1.520000,31728000000.000000,31917250000.000000,31728000000.000000,114534495922.000000,11.000000,6.065000,5920000000.000000,1.776000,1.000000,18462000000.000000,0.414000,1658000000.000000,1405000000.000000,97139000000.000000,95739000000.000000,0.000000,15515000000.000000,0.000000,15515000000.000000,62598000000.000000,20785000000.000000,41813000000.000000,-106000000.000000,433000000.000000,-1538000000.000000,-1034000000.000000,-3491000000.000000,-6460000000.000000,-8507000000.000000,0.000000,14861000000.000000,0.000000,5081000000.000000,5081000000.000000,5081000000.000000,0.000000,0.000000,0.114000,8747000000.000000,9715000000.000000,9642000000.000000,0.692000,2.814000,17.571000,17.664000,49270000000.000000,0.000000,26.850000,2.001000,2.006000,9392000000.000000,22088000000.000000,44606000000.000000,44606000000.000000,0.000000,0.053000,0.159000,0.106000,0.227000,0.000000,0.000000,1.000000,3325083647.000000,3333000000.000000,,13.383000,92668000000.000000,775000000.000000,3653000000.000000,12143000000.000000,27.803000
ART,2002-09-30,2002-11-13,2002-09-30,2002-Q3,-7122000000.000000,80747347612.000000,2025-04-29,-1310000000.000000,93863000000.000000,94680750000.000000,11465000000.000000,82398000000.000000,0.463000,9.709000,-8091000000.000000,873000000.000000,873000000.000000,26115000000.000000,4779000000.000000,0.617000,1.898000,24067000000.000000,5134000000.000000,18933000000.000000,24067000000.000000,0.000000,8695000000.000000,0.000000,0.044000,1.066000,9553000000.000000,18248000000.000000,0.416000,18248000000.000000,9553000000.000000,8169000000.000000,1.430000,1.420000,1.430000,32389000000.000000,31886500000.000000,32389000000.000000,103941347612.000000,11.000000,5.696000,6730000000.000000,2.017000,1.000000,17709000000.000000,0.404000,1658000000.000000,1384000000.000000,96812000000.000000,96603750000.000000,0.000000,16482000000.000000,0.000000,16482000000.000000,61474000000.000000,18587000000.000000,42887000000.000000,311000000.000000,402000000.000000,-1633000000.000000,-1360000000.000000,-3525000000.000000,-6822000000.000000,-7688000000.000000,0.000000,14821000000.000000,0.000000,4779000000.000000,4779000000.000000,4779000000.000000,0.000000,0.000000,0.109000,8695000000.000000,9014000000.000000,9634000000.000000,0.745000,2.493000,16.896000,17.007000,48736000000.000000,0.000000,24.320000,1.843000,1.851000,8348000000.000000,22957000000.000000,43824000000.000000,43824000000.000000,0.000000,0.050000,0.150000,0.099000,0.218000,0.000000,0.000000,1.000000,3320203438.000000,3336000000.000000,,13.137000,92205000000.000000,730000000.000000,3390000000.000000,12804000000.000000,27.639000
ART,2002-12-31,2003-03-14,2002-12-31,2002-Q4,-594000000.000000,69230346693.000000,2025-04-29,-2451000000.000000,95057000000.000000,94364500000.000000,14089000000.000000,80968000000.000000,0.457000,9.998000,-6808000000.000000,3567000000.000000,3567000000.000000,25937000000.000000,5653000000.000000,0.960000,1.863000,22041000000.000000,3505000000.000000,18536000000.000000,22041000000.000000,0.000000,8578000000.000000,0.000000,0.052000,1.080000,10019000000.000000,18597000000.000000,0.431000,18597000000.000000,10019000000.000000,8637000000.000000,1.700000,,1.700000,33199000000.000000,32063500000.000000,33199000000.000000,87704346693.000000,9.000000,4.716000,8402000000.000000,2.530000,1.000000,17201000000.000000,0.399000,1643000000.000000,1382000000.000000,97205000000.000000,97340000000.000000,0.000000,16392000000.000000,0.000000,16392000000.000000,61858000000.000000,14683000000.000000,47175000000.000000,2864000000.000000,3479000000.000000,-1309000000.000000,-4139000000.000000,-3557000000.000000,-9018000000.000000,-3328000000.000000,0.000000,15210000000.000000,0.000000,5653000000.000000,5653000000.000000,5653000000.000000,0.000000,0.000000,0.131000,8578000000.000000,8623000000.000000,9413000000.000000,0.635000,2.085000,12.247000,12.265000,48490000000.000000,0.000000,20.850000,1.605000,1.605000,8540000000.000000,23802000000.000000,43138000000.000000,43138000000.000000,0.000000,0.060000,0.176000,0.103000,0.232000,0.000000,0.000000,1.000000,3320400321.000000,3320400321.000000,,12.992000,93414000000.000000,704000000.000000,2984000000.000000,11840000000.000000,28.133000
ART,2003-03-31,2003-05-12,2003-03-31,2003-Q1,1074000000.000000,81864072284.000000,2025-04-29,-2098000000.000000,100798000000.000000,96011000000.000000,14537000000.000000,86261000000.000000,0.447000,11.337000,-5940000000.000000,4832000000.000000,4832000000.000000,23898000000.000000,10756000000.000000,1.080000,1.678000,20274000000.000000,1805000000.000000,18469000000.000000,20274000000.000000,0.000000,8438000000.000000,0.000000,0.046000,1.143000,15457000000.000000,23895000000.000000,0.556000,23895000000.000000,15457000000.000000,14108000000.000000,3.240000,,3.240000,37639000000.000000,33738750000.000000,37639000000.000000,97306072284.000000,6.000000,4.072000,9643000000.000000,2.905000,1.000000,19051000000.000000,0.444000,1643000000.000000,1349000000.000000,101134000000.000000,98072500000.000000,0.000000,16871000000.000000,0.000000,16871000000.000000,63159000000.000000,13463000000.000000,49696000000.000000,4002000000.000000,6072000000.000000,-727000000.000000,-7375000000.000000,-3594000000.000000,-11709000000.000000,128000000.000000,-5000000.000000,15583000000.000000,0.000000,10756000000.000000,10756000000.000000,10756000000.000000,0.000000,0.000000,0.250000,10836000000.000000,8215000000.000000,9013000000.000000,0.353000,2.175000,7.611000,7.605000,53399000000.000000,0.000000,24.640000,1.906000,1.905000,6337000000.000000,27702000000.000000,42949000000.000000,42949000000.000000,0.000000,0.112000,0.319000,0.158000,0.360000,0.000000,2398000000.000000,1.000000,3322405531.000000,3320000000.000000,,12.936000,99155000000.000000,1490000000.000000,3352000000.000000,15242000000.000000,29.866000
ART,2003-06-30,2003-08-12,2003-06-30,2003-Q2,-239000000.000000,78436596395.000000,2025-04-29,-1713000000.000000,100651000000.000000,97592250000.000000,14760000000.000000,85891000000.000000,0.434000,11.453000,-5281000000.000000,5139000000.000000,5139000000.000000,21503000000.000000,10299000000.000000,0.984000,1.636000,18528000000.000000,1790000000.000000,16738000000.000000,18528000000.000000,0.000000,8259000000.000000,0.000000,0.053000,1.255000,14839000000.000000,23098000000.000000,0.546000,23098000000.000000,14839000000.000000,13455000000.000000,3.110000,,3.110000,38183000000.000000,35352500000.000000,38183000000.000000,91825596395.000000,6.000000,3.975000,10103000000.000000,3.030000,1.000000,20807000000.000000,0.492000,1643000000.000000,1384000000.000000,97398000000.000000,98137250000.000000,0.000000,17381000000.000000,0.000000,17381000000.000000,62468000000.000000,14999000000.000000,47469000000.000000,4596000000.000000,6106000000.000000,-141000000.000000,-7382000000.000000,-3794000000.000000,-11329000000.000000,541000000.000000,-285000000.000000,15384000000.000000,0.000000,10299000000.000000,10299000000.000000,10299000000.000000,0.000000,0.000000,0.243000,13100000000.000000,7707000000.000000,8935000000.000000,0.404000,2.054000,7.616000,7.588000,52534000000.000000,0.000000,23.600000,1.854000,1.860000,5881000000.000000,27819000000.000000,42310000000.000000,42310000000.000000,0.000000,0.106000,0.291000,0.151000,0.351000,0.000000,4841000000.000000,1.000000,3323584593.000000,3334000000.000000,,12.690000,99008000000.000000,1495000000.000000,3156000000.000000,15955000000.000000,29.696000
ART,2003-09-30,2003-11-12,2003-09-30,2003-Q3,-829000000.000000,77966266819.000000,2025-04-29,-1729000000.000000,101308000000.000000,99453500000.000000,14890000000.000000,86418000000.000000,0.422000,11.376000,-5045000000.000000,4940000000.000000,4940000000.000000,19460000000.000000,9745000000.000000,0.947000,1.674000,18257000000.000000,1900000000.000000,16357000000.000000,18257000000.000000,0.000000,8063000000.000000,0.000000,0.058000,1.368000,13946000000.000000,22009000000.000000,0.524000,22009000000.000000,13946000000.000000,12638000000.000000,2.950000,,2.950000,37892000000.000000,36728250000.000000,37892000000.000000,91283266819.000000,7.000000,4.148000,9506000000.000000,2.854000,1.000000,22533000000.000000,0.537000,1622000000.000000,1308000000.000000,97284000000.000000,98255250000.000000,0.000000,17946000000.000000,261000000.000000,17685000000.000000,63416000000.000000,15719000000.000000,47697000000.000000,4067000000.000000,5877000000.000000,-273000000.000000,-6006000000.000000,-4168000000.000000,-10467000000.000000,-17000000.000000,-850000000.000000,14551000000.000000,0.000000,9745000000.000000,9745000000.000000,9745000000.000000,0.000000,0.000000,0.232000,15337000000.000000,7196000000.000000,9339000000.000000,0.464000,2.058000,8.001000,7.983000,51983000000.000000,0.000000,23.550000,1.857000,1.868000,6140000000.000000,27769000000.000000,41993000000.000000,41993000000.000000,0.000000,0.098000,0.265000,0.142000,0.332000,0.000000,7274000000.000000,1.000000,3310669504.000000,3331000000.000000,,12.607000,99686000000.000000,1511000000.000000,2893000000.000000,16615000000.000000,29.927000
ART,2003-12-31,2004-03-11,2003-12-31,2003-Q4,-292000000.000000,79563267478.000000,2025-04-29,-1132000000.000000,100166000000.000000,100730750000.000000,13968000000.000000,86198000000.000000,0.405000,11.561000,-5219000000.000000,4806000000.000000,4806000000.000000,16653000000.000000,8505000000.000000,0.980000,1.619000,17939000000.000000,1879000000.000000,16060000000.000000,17939000000.000000,0.000000,7870000000.000000,0.000000,0.059000,1.410000,12676000000.000000,20546000000.000000,0.503000,20546000000.000000,12676000000.000000,11435000000.000000,2.560000,2.560000,2.560000,38248000000.000000,37990500000.000000,38248000000.000000,92696267478.000000,7.000000,4.512000,8298000000.000000,2.508000,1.000000,24190000000.000000,0.592000,1611000000.000000,1241000000.000000,97428000000.000000,98311000000.000000,0.000000,18328000000.000000,378000000.000000,17950000000.000000,61918000000.000000,14260000000.000000,47658000000.000000,1239000000.000000,3012000000.000000,-388000000.000000,-4246000000.000000,-4539000000.000000,-9173000000.000000,-3105000000.000000,-898000000.000000,13517000000.000000,0.000000,8505000000.000000,8505000000.000000,8505000000.000000,0.000000,0.000000,0.208000,17721000000.000000,6469000000.000000,10870000000.000000,0.551000,2.080000,9.355000,9.395000,52128000000.000000,0.000000,24.050000,1.948000,1.948000,6178000000.000000,27635000000.000000,40843000000.000000,40843000000.000000,0.000000,0.084000,0.224000,0.129000,0.310000,0.000000,9851000000.000000,1.000000,3308243970.000000,3308243970.000000,,12.346000,98555000000.000000,712000000.000000,2930000000.000000,15777000000.000000,29.791000
ART,2004-03-31,2004-05-06,2004-03-31,2004-Q1,2347000000.000000,83790518409.000000,2025-04-29,-1067000000.000000,100419000000.000000,100636000000.000000,15818000000.000000,84601000000.000000,0.404000,11.913000,-5258000000.000000,7081000000.000000,7081000000.000000,16839000000.000000,5450000000.000000,1.174000,1.548000,17924000000.000000,2070000000.000000,15854000000.000000,17924000000.000000,0.000000,7797000000.000000,0.000000,0.055000,1.390000,9287000000.000000,17084000000.000000,0.420000,17084000000.000000,9287000000.000000,8132000000.000000,1.650000,1.660000,1.650000,39409000000.000000,38433000000.000000,39409000000.000000,94633518409.000000,10.000000,5.539000,7668000000.000000,2.318000,1.000000,23799000000.000000,0.586000,1621000000.000000,1155000000.000000,96170000000.000000,97070000000.000000,0.000000,17541000000.000000,378000000.000000,17163000000.000000,61010000000.000000,13471000000.000000,47539000000.000000,2249000000.000000,2921000000.000000,-346000000.000000,-2526000000.000000,-4676000000.000000,-7548000000.000000,-3129000000.000000,-792000000.000000,12926000000.000000,0.000000,5450000000.000000,5450000000.000000,5450000000.000000,0.000000,0.000000,0.134000,17658000000.000000,6141000000.000000,9471000000.000000,0.842000,2.126000,15.374000,15.333000,51202000000.000000,0.000000,25.300000,2.062000,2.059000,5793000000.000000,28548000000.000000,40638000000.000000,40638000000.000000,0.000000,0.054000,0.142000,0.096000,0.229000,0.000000,9861000000.000000,1.000000,3311878198.000000,3308000000.000000,,12.285000,98798000000.000000,644000000.000000,2682000000.000000,16633000000.000000,29.866000
ART,2004-06-30,2004-08-05,2004-06-30,2004-Q2,6169000000.000000,83768898655.000000,2025-04-29,-1374000000.000000,100422000000.000000,100578750000.000000,19957000000.000000,80465000000.000000,0.405000,11.860000,-5388000000.000000,11586000000.000000,11586000000.000000,17109000000.000000,5230000000.000000,1.447000,1.557000,17622000000.000000,2460000000.000000,15162000000.000000,17622000000.000000,0.000000,7708000000.000000,0.000000,0.052000,1.320000,8779000000.000000,16487000000.000000,0.405000,16487000000.000000,8779000000.000000,7763000000.000000,1.580000,1.590000,1.580000,39280000000.000000,38707250000.000000,39280000000.000000,89804898655.000000,10.000000,5.447000,7113000000.000000,2.148000,1.000000,23639000000.000000,0.580000,1625000000.000000,1016000000.000000,91045000000.000000,95481750000.000000,0.000000,13771000000.000000,346000000.000000,13425000000.000000,61142000000.000000,13788000000.000000,47354000000.000000,6447000000.000000,5562000000.000000,-337000000.000000,-821000000.000000,-4609000000.000000,-5767000000.000000,-287000000.000000,-461000000.000000,12501000000.000000,0.000000,5230000000.000000,5230000000.000000,5230000000.000000,0.000000,0.000000,0.128000,17753000000.000000,5886000000.000000,9386000000.000000,0.835000,2.133000,16.017000,16.000000,50556000000.000000,0.000000,25.280000,2.056000,2.055000,5564000000.000000,28670000000.000000,40748000000.000000,40748000000.000000,0.000000,0.052000,0.135000,0.092000,0.215000,0.000000,10045000000.000000,1.000000,3313643143.000000,3312000000.000000,,12.303000,98797000000.000000,575000000.000000,2533000000.000000,16793000000.000000,29.830000
ART,2004-09-30,2004-11-05,2004-09-30,2004-Q3,7707000000.000000,87029615111.000000,2025-04-29,-1589000000.000000,101986000000.000000,100748250000.000000,21112000000.000000,80874000000.000000,0.405000,12.133000,-5446000000.000000,13290000000.000000,13290000000.000000,17149000000.000000,6108000000.000000,1.575000,1.536000,18242000000.000000,1703000000.000000,16539000000.000000,18242000000.000000,0.000000,7645000000.000000,0.000000,0.048000,1.250000,9626000000.000000,17271000000.000000,0.423000,17271000000.000000,9626000000.000000,8652000000.000000,1.840000,1.850000,1.840000,40210000000.000000,39286750000.000000,40210000000.000000,91981615111.000000,10.000000,5.326000,5523000000.000000,1.667000,1.000000,23652000000.000000,0.580000,1625000000.000000,974000000.000000,91908000000.000000,94137750000.000000,0.000000,13784000000.000000,204000000.000000,13580000000.000000,61776000000.000000,13405000000.000000,48371000000.000000,8350000000.000000,5381000000.000000,-1000000.000000,-19000000.000000,-4373000000.000000,-4393000000.000000,246000000.000000,311000000.000000,10969000000.000000,0.000000,6108000000.000000,6108000000.000000,6108000000.000000,-849000000.000000,0.000000,0.150000,17678000000.000000,5974000000.000000,9272000000.000000,0.679000,2.164000,14.248000,14.266000,50056000000.000000,0.000000,26.250000,2.133000,2.132000,5685000000.000000,29728000000.000000,40801000000.000000,40801000000.000000,0.000000,0.061000,0.155000,0.102000,0.236000,0.000000,10033000000.000000,1.000000,3315413909.000000,3314000000.000000,,12.312000,100361000000.000000,251000000.000000,2544000000.000000,16823000000.000000,30.284000
ART,2004-12-31,2005-03-11,2004-12-31,2004-Q4,-10393000000.000000,79282502640.000000,2025-04-29,-550000000.000000,108844000000.000000,102917750000.000000,8541000000.000000,100303000000.000000,0.396000,12.261000,-5099000000.000000,760000000.000000,760000000.000000,17383000000.000000,5887000000.000000,0.451000,1.687000,26965000000.000000,5734000000.000000,21231000000.000000,26965000000.000000,0.000000,7564000000.000000,0.000000,0.052000,1.260000,9096000000.000000,16660000000.000000,0.408000,16660000000.000000,9096000000.000000,8073000000.000000,1.780000,1.770000,1.780000,40504000000.000000,39850750000.000000,40504000000.000000,105487502640.000000,12.000000,6.332000,5856000000.000000,1.773000,1.000000,23404000000.000000,0.574000,1625000000.000000,1023000000.000000,114490000000.000000,98403250000.000000,0.000000,35584000000.000000,99000000.000000,35485000000.000000,68340000000.000000,18934000000.000000,49406000000.000000,-4046000000.000000,-16112000000.000000,-232000000.000000,8978000000.000000,-4141000000.000000,4605000000.000000,-20747000000.000000,464000000.000000,10955000000.000000,0.000000,5887000000.000000,5887000000.000000,5887000000.000000,-908000000.000000,0.000000,0.144000,17503000000.000000,5901000000.000000,10038000000.000000,0.708000,1.957000,13.467000,13.483000,50046000000.000000,0.000000,24.000000,1.944000,1.944000,5480000000.000000,29352000000.000000,40787000000.000000,40787000000.000000,0.000000,0.057000,0.148000,0.092000,0.223000,0.000000,9939000000.000000,1.000000,3303437610.000000,3303437610.000000,,12.347000,107219000000.000000,566000000.000000,2186000000.000000,17596000000.000000,32.457000
ART,2005-03-31,2005-05-06,2005-03-31,2005-Q1,-9577000000.000000,78019591062.000000,2025-04-29,-594000000.000000,106946000000.000000,104549500000.000000,8014000000.000000,98932000000.000000,0.391000,12.233000,-5213000000.000000,427000000.000000,427000000.000000,17553000000.000000,4824000000.000000,0.456000,1.647000,27112000000.000000,6175000000.000000,20937000000.000000,27112000000.000000,0.000000,7466000000.000000,0.000000,0.054000,1.270000,7611000000.000000,15077000000.000000,0.369000,15077000000.000000,7611000000.000000,6466000000.000000,1.460000,1.450000,1.460000,40404000000.000000,40099500000.000000,40404000000.000000,104704591062.000000,14.000000,6.945000,4954000000.000000,1.500000,1.000000,23354000000.000000,0.571000,1768000000.000000,1145000000.000000,114272000000.000000,102928750000.000000,0.000000,34851000000.000000,35000000.000000,34816000000.000000,66542000000.000000,17591000000.000000,48951000000.000000,-6654000000.000000,-17791000000.000000,-248000000.000000,9309000000.000000,-4173000000.000000,4888000000.000000,-22540000000.000000,464000000.000000,10167000000.000000,0.000000,4824000000.000000,4824000000.000000,4824000000.000000,-908000000.000000,0.000000,0.118000,17467000000.000000,5887000000.000000,9083000000.000000,0.870000,1.931000,16.173000,16.178000,49311000000.000000,0.000000,23.620000,1.907000,1.907000,5268000000.000000,29171000000.000000,40907000000.000000,40907000000.000000,0.000000,0.046000,0.120000,0.074000,0.186000,0.000000,10001000000.000000,1.000000,3303115625.000000,3303000000.000000,,12.385000,105178000000.000000,552000000.000000,1642000000.000000,16829000000.000000,31.843000
ART,2005-06-30,2005-08-05,2005-06-30,2005-Q2,-11104000000.000000,81309605595.000000,2025-04-29,-575000000.000000,105643000000.000000,105854750000.000000,7822000000.000000,97821000000.000000,0.387000,12.261000,-5290000000.000000,406000000.000000,406000000.000000,17595000000.000000,4656000000.000000,0.413000,1.609000,25106000000.000000,6890000000.000000,18216000000.000000,25106000000.000000,0.000000,7387000000.000000,0.000000,0.052000,1.280000,7505000000.000000,14892000000.000000,0.364000,14892000000.000000,7505000000.000000,6247000000.000000,1.410000,1.400000,1.410000,40486000000.000000,40401000000.000000,40486000000.000000,106009605595.000000,14.000000,7.119000,4914000000.000000,1.488000,1.000000,23326000000.000000,0.570000,1769000000.000000,1258000000.000000,109648000000.000000,107579500000.000000,0.000000,34182000000.000000,0.000000,34182000000.000000,65157000000.000000,18926000000.000000,46231000000.000000,-11180000000.000000,-20186000000.000000,-262000000.000000,7278000000.000000,-4202000000.000000,2814000000.000000,-25029000000.000000,447000000.000000,10204000000.000000,0.000000,4656000000.000000,4656000000.000000,4656000000.000000,-908000000.000000,0.000000,0.114000,17415000000.000000,5911000000.000000,9208000000.000000,0.908000,2.008000,17.463000,17.454000,48798000000.000000,0.000000,24.610000,1.987000,1.986000,5220000000.000000,29105000000.000000,40921000000.000000,40921000000.000000,0.000000,0.044000,0.115000,0.070000,0.183000,0.000000,10028000000.000000,1.000000,3303925461.000000,3302000000.000000,,12.393000,103874000000.000000,545000000.000000,1591000000.000000,17096000000.000000,31.458000
ART,2005-09-30,2005-11-04,2005-09-30,2005-Q3,-10194000000.000000,77635268473.000000,2025-04-29,-579000000.000000,104104000000.000000,106384250000.000000,8102000000.000000,96002000000.000000,0.385000,12.190000,-5380000000.000000,433000000.000000,433000000.000000,17663000000.000000,3808000000.000000,0.443000,1.591000,23208000000.000000,5386000000.000000,17822000000.000000,23208000000.000000,0.000000,7301000000.000000,0.000000,0.055000,1.290000,6756000000.000000,14057000000.000000,0.343000,14057000000.000000,6756000000.000000,5387000000.000000,1.160000,1.150000,1.160000,40179000000.000000,40393250000.000000,40179000000.000000,100410268473.000000,15.000000,7.143000,6423000000.000000,1.949000,1.000000,23286000000.000000,0.569000,1723000000.000000,1369000000.000000,106860000000.000000,111317500000.000000,0.000000,32945000000.000000,0.000000,32945000000.000000,63925000000.000000,18296000000.000000,45629000000.000000,-12857000000.000000,-18776000000.000000,-763000000.000000,4945000000.000000,-4232000000.000000,-47000000.000000,-23916000000.000000,240000000.000000,11803000000.000000,0.000000,3808000000.000000,3808000000.000000,3808000000.000000,-59000000.000000,0.000000,0.093000,17111000000.000000,6175000000.000000,9205000000.000000,1.112000,1.932000,20.387000,20.397000,48440000000.000000,0.000000,23.660000,1.896000,1.904000,5229000000.000000,28742000000.000000,40949000000.000000,40949000000.000000,0.000000,0.036000,0.094000,0.061000,0.165000,-3000000.000000,9810000000.000000,1.000000,3281287763.000000,3296000000.000000,,12.424000,102381000000.000000,555000000.000000,1579000000.000000,17757000000.000000,31.062000
ART,2005-12-31,2006-03-01,2005-12-31,2005-Q4,-10764000000.000000,108982451883.000000,2025-04-29,-574000000.000000,145632000000.000000,115581250000.000000,14654000000.000000,130978000000.000000,0.379000,14.096000,-5576000000.000000,1224000000.000000,1224000000.000000,19190000000.000000,4786000000.000000,0.577000,1.663000,30570000000.000000,4455000000.000000,26115000000.000000,30570000000.000000,0.000000,7643000000.000000,0.000000,0.046000,1.300000,7174000000.000000,14817000000.000000,0.338000,14817000000.000000,7174000000.000000,5718000000.000000,1.420000,1.420000,1.420000,54690000000.000000,43939750000.000000,54690000000.000000,138328451883.000000,19.000000,9.336000,7398000000.000000,1.907000,1.000000,24672000000.000000,0.562000,22558000000.000000,1456000000.000000,127002000000.000000,114445500000.000000,0.000000,33435000000.000000,0.000000,33435000000.000000,90942000000.000000,25418000000.000000,65524000000.000000,464000000.000000,4466000000.000000,-1411000000.000000,-4828000000.000000,-4256000000.000000,-11226000000.000000,-974000000.000000,136000000.000000,12974000000.000000,0.000000,4786000000.000000,4786000000.000000,4786000000.000000,0.000000,0.000000,0.109000,18504000000.000000,6168000000.000000,17088000000.000000,0.915000,1.993000,22.771000,19.782000,58727000000.000000,0.000000,28.090000,2.485000,2.485000,9351000000.000000,29106000000.000000,43862000000.000000,43862000000.000000,0.000000,0.041000,0.109000,0.063000,0.164000,-3000000.000000,10861000000.000000,1.000000,3879759768.000000,3879759768.000000,,11.305000,123074000000.000000,2011000000.000000,932000000.000000,18508000000.000000,31.722000
ART,2006-03-31,2006-05-05,2006-03-31,2006-Q1,-10905000000.000000,100969909056.000000,2025-04-29,-568000000.000000,144437000000.000000,124954000000.000000,13850000000.000000,130587000000.000000,0.396000,14.191000,-6347000000.000000,1057000000.000000,1057000000.000000,21841000000.000000,5346000000.000000,0.559000,1.622000,31541000000.000000,5712000000.000000,25829000000.000000,31541000000.000000,0.000000,8310000000.000000,0.000000,0.050000,1.310000,8141000000.000000,16451000000.000000,0.333000,16451000000.000000,8141000000.000000,6574000000.000000,1.520000,1.520000,1.520000,55089000000.000000,47611000000.000000,55089000000.000000,131453909056.000000,16.000000,7.991000,7829000000.000000,2.017000,1.000000,27608000000.000000,0.558000,21616000000.000000,1567000000.000000,128550000000.000000,118015000000.000000,0.000000,34406000000.000000,0.000000,34406000000.000000,89348000000.000000,24755000000.000000,64593000000.000000,630000000.000000,3232000000.000000,-1257000000.000000,-4007000000.000000,-4479000000.000000,-10466000000.000000,-3080000000.000000,35000000.000000,14176000000.000000,0.000000,5346000000.000000,5346000000.000000,5346000000.000000,0.000000,0.000000,0.108000,20805000000.000000,6803000000.000000,15510000000.000000,0.862000,1.833000,18.887000,17.086000,58367000000.000000,0.000000,25.970000,2.042000,2.039000,8647000000.000000,29257000000.000000,49449000000.000000,49449000000.000000,0.000000,0.043000,0.112000,0.069000,0.165000,-11000000.000000,12495000000.000000,1.000000,3887944130.000000,3882000000.000000,,12.738000,122821000000.000000,1874000000.000000,1228000000.000000,17344000000.000000,31.639000
ART,2006-06-30,2006-08-04,2006-06-30,2006-Q2,-9397000000.000000,120292585002.000000,2025-04-29,-582000000.000000,144350000000.000000,134630750000.000000,13635000000.000000,130715000000.000000,0.408000,14.274000,-7289000000.000000,1097000000.000000,1097000000.000000,24422000000.000000,6154000000.000000,0.592000,1.602000,30473000000.000000,3314000000.000000,27159000000.000000,30473000000.000000,0.000000,8987000000.000000,0.000000,0.043000,1.320000,9477000000.000000,18464000000.000000,0.336000,18464000000.000000,9477000000.000000,7787000000.000000,1.690000,1.680000,1.690000,55469000000.000000,51356750000.000000,55469000000.000000,149668585002.000000,16.000000,8.106000,7798000000.000000,2.007000,1.000000,30509000000.000000,0.555000,21411000000.000000,1690000000.000000,129283000000.000000,122923750000.000000,0.000000,34803000000.000000,0.000000,34803000000.000000,88881000000.000000,23032000000.000000,65849000000.000000,691000000.000000,2593000000.000000,-1386000000.000000,-2941000000.000000,-4707000000.000000,-9708000000.000000,-4688000000.000000,4000000.000000,15087000000.000000,0.000000,6154000000.000000,6154000000.000000,6154000000.000000,0.000000,0.000000,0.112000,22620000000.000000,7889000000.000000,15472000000.000000,0.781000,2.169000,19.547000,18.325000,58351000000.000000,0.000000,30.970000,2.190000,2.191000,8484000000.000000,29771000000.000000,54931000000.000000,54931000000.000000,0.000000,0.046000,0.120000,0.077000,0.173000,-8000000.000000,13633000000.000000,1.000000,3884164837.000000,3886000000.000000,,14.136000,122939000000.000000,1876000000.000000,1633000000.000000,18036000000.000000,31.636000
ART,2006-09-30,2006-11-02,2006-09-30,2006-Q3,-10393000000.000000,130735532640.000000,2025-04-29,-566000000.000000,143892000000.000000,144577750000.000000,13512000000.000000,130380000000.000000,0.417000,14.304000,-7991000000.000000,1251000000.000000,1251000000.000000,26734000000.000000,7073000000.000000,0.565000,1.597000,31512000000.000000,4713000000.000000,26799000000.000000,31512000000.000000,0.000000,9621000000.000000,0.000000,0.039000,1.330000,10959000000.000000,20580000000.000000,0.342000,20580000000.000000,10959000000.000000,9176000000.000000,1.870000,1.860000,1.870000,55401000000.000000,55162250000.000000,55401000000.000000,160996532640.000000,15.000000,7.823000,7193000000.000000,1.857000,1.000000,33515000000.000000,0.556000,21113000000.000000,1783000000.000000,129135000000.000000,128492500000.000000,0.000000,35251000000.000000,0.000000,35251000000.000000,88491000000.000000,23905000000.000000,64586000000.000000,818000000.000000,1230000000.000000,-1927000000.000000,-107000000.000000,-4933000000.000000,-7614000000.000000,-6752000000.000000,4000000.000000,15184000000.000000,0.000000,7073000000.000000,7073000000.000000,7073000000.000000,0.000000,0.000000,0.117000,24671000000.000000,8844000000.000000,14789000000.000000,0.711000,2.360000,18.484000,18.193000,57651000000.000000,0.000000,34.020000,2.170000,2.187000,8668000000.000000,30653000000.000000,60249000000.000000,60249000000.000000,0.000000,0.049000,0.128000,0.085000,0.182000,-10000000.000000,15050000000.000000,1.000000,3842902194.000000,3873000000.000000,,15.556000,122779000000.000000,1598000000.000000,2103000000.000000,17678000000.000000,31.701000
ART,2006-12-31,2007-02-26,2006-12-31,2006-Q4,-14929000000.000000,234155338538.000000,2025-04-29,-5314000000.000000,270634000000.000000,175828250000.000000,25553000000.000000,245081000000.000000,0.359000,18.504000,-8320000000.000000,2418000000.000000,2418000000.000000,27349000000.000000,7356000000.000000,0.631000,1.342000,59796000000.000000,9733000000.000000,50063000000.000000,59796000000.000000,0.000000,9907000000.000000,0.000000,0.036000,1.353000,12724000000.000000,22631000000.000000,0.359000,22631000000.000000,12724000000.000000,10881000000.000000,1.890000,1.890000,1.890000,115540000000.000000,70374750000.000000,115540000000.000000,291533338538.000000,23.000000,12.882000,7295000000.000000,1.168000,1.000000,35706000000.000000,0.566000,127397000000.000000,1843000000.000000,160133000000.000000,136775250000.000000,0.000000,1995000000.000000,0.000000,1995000000.000000,155094000000.000000,40482000000.000000,114612000000.000000,1194000000.000000,20000000.000000,-2089000000.000000,896000000.000000,-5153000000.000000,-6128000000.000000,-8293000000.000000,3000000.000000,15615000000.000000,0.000000,7356000000.000000,7356000000.000000,7356000000.000000,0.000000,0.000000,0.117000,25418000000.000000,10288000000.000000,25508000000.000000,0.716000,2.027000,31.832000,19.841000,94596000000.000000,0.000000,37.500000,3.714000,3.714000,16194000000.000000,30375000000.000000,63055000000.000000,63055000000.000000,0.000000,0.042000,0.105000,0.093000,0.202000,-18000000.000000,15511000000.000000,1.000000,6244142361.000000,6244142361.000000,,10.098000,143237000000.000000,3034000000.000000,3525000000.000000,30613000000.000000,22.939000
ART,2007-03-31,2007-05-04,2007-03-31,2007-Q1,-10053000000.000000,243416160750.000000,2025-04-29,-5186000000.000000,268276000000.000000,206788000000.000000,24693000000.000000,243583000000.000000,0.369000,18.317000,-9837000000.000000,2364000000.000000,2364000000.000000,31552000000.000000,8759000000.000000,0.711000,1.353000,62586000000.000000,7119000000.000000,55467000000.000000,62586000000.000000,3766000000.000000,13031000000.000000,0.000000,0.035000,1.375000,15444000000.000000,28475000000.000000,0.373000,28475000000.000000,15444000000.000000,13192000000.000000,1.980000,1.970000,1.980000,114006000000.000000,85104000000.000000,114006000000.000000,303638160750.000000,20.000000,10.663000,7933000000.000000,1.275000,1.000000,44756000000.000000,0.587000,127022000000.000000,2252000000.000000,166730000000.000000,146320250000.000000,0.000000,2110000000.000000,0.000000,2110000000.000000,154270000000.000000,34746000000.000000,119524000000.000000,1307000000.000000,765000000.000000,-4608000000.000000,2594000000.000000,-6082000000.000000,-7923000000.000000,-8540000000.000000,521000000.000000,17770000000.000000,0.000000,8759000000.000000,8759000000.000000,8759000000.000000,0.000000,0.000000,0.115000,31995000000.000000,12761000000.000000,17949000000.000000,0.694000,2.135000,27.790000,19.939000,93592000000.000000,0.000000,39.480000,3.190000,3.220000,15580000000.000000,30972000000.000000,76308000000.000000,76308000000.000000,0.000000,0.042000,0.103000,0.106000,0.202000,-57000000.000000,18964000000.000000,1.000000,6165556250.000000,6224000000.000000,,12.260000,141254000000.000000,2571000000.000000,4433000000.000000,24881000000.000000,22.695000
ART,2007-06-30,2007-08-03,2007-06-30,2007-Q2,-14146000000.000000,240604405556.000000,2025-04-29,-5066000000.000000,267346000000.000000,237537000000.000000,24393000000.000000,242953000000.000000,0.379000,18.171000,-11738000000.000000,2570000000.000000,2570000000.000000,36102000000.000000,9855000000.000000,0.633000,1.394000,61671000000.000000,7701000000.000000,53970000000.000000,61671000000.000000,3567000000.000000,15961000000.000000,0.000000,0.035000,1.397000,17556000000.000000,33517000000.000000,0.373000,33517000000.000000,17556000000.000000,14897000000.000000,1.980000,1.980000,1.980000,111661000000.000000,99152000000.000000,111661000000.000000,299705405556.000000,17.000000,8.942000,11725000000.000000,1.908000,1.000000,53874000000.000000,0.599000,125189000000.000000,2659000000.000000,162719000000.000000,154679250000.000000,0.000000,2342000000.000000,0.000000,2342000000.000000,155685000000.000000,38539000000.000000,117146000000.000000,1473000000.000000,1096000000.000000,-7829000000.000000,2794000000.000000,-6986000000.000000,-11874000000.000000,-10116000000.000000,509000000.000000,23463000000.000000,0.000000,9855000000.000000,9855000000.000000,9855000000.000000,0.000000,0.000000,0.110000,38773000000.000000,15101000000.000000,19171000000.000000,0.706000,2.155000,24.414000,19.924000,94055000000.000000,0.000000,39.450000,2.674000,2.694000,15368000000.000000,31706000000.000000,89976000000.000000,89976000000.000000,0.000000,0.041000,0.099000,0.113000,0.195000,-120000000.000000,22812000000.000000,1.000000,6098970990.000000,6145000000.000000,,14.642000,142157000000.000000,2360000000.000000,5042000000.000000,26573000000.000000,23.134000
ART,2007-09-30,2007-11-06,2007-09-30,2007-Q3,-12631000000.000000,242832942672.000000,2025-04-29,-5050000000.000000,267968000000.000000,268556000000.000000,25543000000.000000,242425000000.000000,0.389000,18.261000,-14286000000.000000,2714000000.000000,2714000000.000000,41029000000.000000,10753000000.000000,0.669000,1.410000,60611000000.000000,6026000000.000000,54585000000.000000,60611000000.000000,3471000000.000000,18846000000.000000,0.000000,0.035000,1.420000,19330000000.000000,38176000000.000000,0.365000,38176000000.000000,19330000000.000000,16226000000.000000,1.920000,1.920000,1.920000,111174000000.000000,113095250000.000000,111174000000.000000,300729942672.000000,16.000000,7.877000,14956000000.000000,2.457000,1.000000,63441000000.000000,0.607000,123896000000.000000,3104000000.000000,163795000000.000000,163344250000.000000,0.000000,2403000000.000000,0.000000,2403000000.000000,156794000000.000000,38174000000.000000,118620000000.000000,1463000000.000000,1456000000.000000,-8369000000.000000,565000000.000000,-7864000000.000000,-15560000000.000000,-12219000000.000000,584000000.000000,29242000000.000000,0.000000,10753000000.000000,10753000000.000000,10753000000.000000,0.000000,0.000000,0.103000,45953000000.000000,17488000000.000000,20239000000.000000,0.740000,2.184000,22.583000,20.854000,94446000000.000000,0.000000,40.040000,2.324000,2.333000,16305000000.000000,32606000000.000000,104470000000.000000,104470000000.000000,0.000000,0.040000,0.095000,0.118000,0.185000,-157000000.000000,27107000000.000000,1.000000,6064758808.000000,6088000000.000000,,17.160000,144072000000.000000,2433000000.000000,5473000000.000000,29035000000.000000,23.665000
ART,2007-12-31,2008-02-27,2007-12-31,2007-Q4,-14588000000.000000,212457535699.000000,2025-04-29,-380000000.000000,275644000000.000000,269808500000.000000,24686000000.000000,250958000000.000000,0.441000,19.114000,-17717000000.000000,1970000000.000000,1970000000.000000,46055000000.000000,11951000000.000000,0.629000,1.389000,64115000000.000000,6860000000.000000,57255000000.000000,64115000000.000000,3571000000.000000,21577000000.000000,0.000000,0.042000,1.465000,21711000000.000000,43288000000.000000,0.364000,43288000000.000000,21711000000.000000,18204000000.000000,1.950000,1.940000,1.950000,115367000000.000000,113052000000.000000,115367000000.000000,274602535699.000000,13.000000,6.344000,16355000000.000000,2.710000,1.000000,72873000000.000000,0.613000,129115000000.000000,3507000000.000000,169400000000.000000,165661000000.000000,0.000000,2270000000.000000,0.000000,2270000000.000000,160277000000.000000,39274000000.000000,121003000000.000000,-448000000.000000,-1279000000.000000,-8404000000.000000,1184000000.000000,-8743000000.000000,-16014000000.000000,-18506000000.000000,454000000.000000,34072000000.000000,0.000000,11951000000.000000,11951000000.000000,11951000000.000000,0.000000,0.000000,0.100000,52469000000.000000,20404000000.000000,21399000000.000000,0.751000,1.842000,17.777000,18.051000,95890000000.000000,0.000000,35.200000,1.786000,1.786000,16185000000.000000,33297000000.000000,118928000000.000000,118928000000.000000,0.000000,0.044000,0.106000,0.131000,0.183000,-173000000.000000,30892000000.000000,1.000000,6035725446.000000,6035725446.000000,,19.704000,146529000000.000000,2044000000.000000,6253000000.000000,30116000000.000000,24.277000
ART,2008-03-31,2008-05-07,2008-03-31,2008-Q1,-18183000000.000000,230629620000.000000,2025-04-29,-556000000.000000,278199000000.000000,272289250000.000000,23946000000.000000,254253000000.000000,0.443000,18.719000,-18557000000.000000,1963000000.000000,1963000000.000000,46578000000.000000,12564000000.000000,0.568000,1.478000,73490000000.000000,13301000000.000000,60189000000.000000,73490000000.000000,3677000000.000000,20864000000.000000,0.000000,0.039000,1.510000,22626000000.000000,43490000000.000000,0.360000,43490000000.000000,22626000000.000000,19127000000.000000,2.070000,2.060000,2.070000,112258000000.000000,112615000000.000000,112258000000.000000,302156620000.000000,13.000000,6.948000,15859000000.000000,2.644000,1.000000,74125000000.000000,0.614000,131095000000.000000,3499000000.000000,176502000000.000000,168104000000.000000,0.000000,2578000000.000000,0.000000,2578000000.000000,165941000000.000000,42129000000.000000,123812000000.000000,-401000000.000000,-4905000000.000000,-10054000000.000000,7621000000.000000,-8947000000.000000,-11414000000.000000,-23403000000.000000,67000000.000000,34416000000.000000,0.000000,12564000000.000000,12564000000.000000,12564000000.000000,0.000000,0.000000,0.104000,52405000000.000000,21720000000.000000,18590000000.000000,0.729000,2.054000,18.356000,18.754000,96238000000.000000,0.000000,38.820000,1.911000,1.929000,15697000000.000000,34311000000.000000,120703000000.000000,120703000000.000000,0.000000,0.046000,0.112000,0.135000,0.187000,-133000000.000000,31541000000.000000,1.000000,5941000000.000000,5997000000.000000,,20.127000,147104000000.000000,1934000000.000000,6563000000.000000,29389000000.000000,24.530000
ART,2008-06-30,2008-08-06,2008-06-30,2008-Q2,-21886000000.000000,181916910000.000000,2025-04-29,-504000000.000000,284508000000.000000,276579750000.000000,23225000000.000000,261283000000.000000,0.441000,18.889000,-19577000000.000000,1631000000.000000,1631000000.000000,47000000000.000000,13432000000.000000,0.515000,1.542000,80147000000.000000,16472000000.000000,63675000000.000000,80147000000.000000,3573000000.000000,20406000000.000000,0.000000,0.050000,1.555000,24081000000.000000,44487000000.000000,0.364000,44487000000.000000,24081000000.000000,20607000000.000000,2.240000,2.220000,2.240000,111937000000.000000,112684000000.000000,111937000000.000000,260432910000.000000,11.000000,5.854000,12999000000.000000,2.194000,1.000000,75091000000.000000,0.615000,136711000000.000000,3474000000.000000,181202000000.000000,172724750000.000000,0.000000,2838000000.000000,0.000000,2838000000.000000,172571000000.000000,45111000000.000000,127460000000.000000,-939000000.000000,-11042000000.000000,-8519000000.000000,15227000000.000000,-9131000000.000000,-2571000000.000000,-30944000000.000000,-128000000.000000,32576000000.000000,0.000000,13432000000.000000,13432000000.000000,13432000000.000000,0.000000,0.000000,0.110000,51748000000.000000,23343000000.000000,18927000000.000000,0.694000,1.625000,13.544000,13.781000,97368000000.000000,0.000000,30.870000,1.490000,1.498000,15971000000.000000,35719000000.000000,122091000000.000000,122091000000.000000,0.000000,0.049000,0.119000,0.139000,0.197000,-80000000.000000,31342000000.000000,1.000000,5893000000.000000,5926000000.000000,,20.603000,147797000000.000000,1407000000.000000,7175000000.000000,28918000000.000000,24.940000
ART,2008-09-30,2008-11-05,2008-09-30,2008-Q3,-21893000000.000000,159994950000.000000,2025-04-29,-862000000.000000,284528000000.000000,280719750000.000000,23445000000.000000,261083000000.000000,0.439000,19.094000,-19981000000.000000,1594000000.000000,1594000000.000000,48479000000.000000,13599000000.000000,0.517000,1.529000,76774000000.000000,17419000000.000000,59355000000.000000,76774000000.000000,3896000000.000000,20062000000.000000,0.000000,0.059000,1.600000,24426000000.000000,44488000000.000000,0.361000,44488000000.000000,24426000000.000000,20981000000.000000,2.290000,2.270000,2.290000,112518000000.000000,113020000000.000000,112518000000.000000,235174950000.000000,10.000000,5.286000,12644000000.000000,2.146000,1.000000,74822000000.000000,0.607000,135779000000.000000,3445000000.000000,178591000000.000000,176423750000.000000,0.000000,2839000000.000000,0.000000,2839000000.000000,172010000000.000000,45338000000.000000,126672000000.000000,-1120000000.000000,-10681000000.000000,-6988000000.000000,13542000000.000000,-9309000000.000000,-2872000000.000000,-30873000000.000000,203000000.000000,32625000000.000000,0.000000,13599000000.000000,13599000000.000000,13599000000.000000,0.000000,0.000000,0.110000,51165000000.000000,23657000000.000000,18690000000.000000,0.699000,1.422000,11.765000,11.856000,97771000000.000000,0.000000,27.150000,1.298000,1.298000,16395000000.000000,36613000000.000000,123301000000.000000,123301000000.000000,0.000000,0.048000,0.120000,0.138000,0.198000,-39000000.000000,31103000000.000000,1.000000,5893000000.000000,5893000000.000000,,20.923000,148749000000.000000,1560000000.000000,7382000000.000000,30752000000.000000,25.242000
ART,2008-12-31,2009-02-25,2008-12-31,2008-Q4,-19734000000.000000,139730313973.000000,2025-04-29,-17057000000.000000,265245000000.000000,278120000000.000000,22556000000.000000,242689000000.000000,0.446000,16.349000,-19676000000.000000,1792000000.000000,1792000000.000000,49895000000.000000,12867000000.000000,0.533000,1.753000,74991000000.000000,14119000000.000000,60872000000.000000,74991000000.000000,3849000000.000000,19883000000.000000,0.000000,0.068000,1.610000,23293000000.000000,43176000000.000000,0.348000,43176000000.000000,23293000000.000000,19903000000.000000,2.170000,2.160000,2.170000,96347000000.000000,108265000000.000000,96347000000.000000,212929313973.000000,9.000000,4.932000,13980000000.000000,2.372000,1.000000,74133000000.000000,0.598000,135541000000.000000,3390000000.000000,160613000000.000000,174227000000.000000,0.000000,2332000000.000000,0.000000,2332000000.000000,168898000000.000000,42290000000.000000,126608000000.000000,-178000000.000000,-9357000000.000000,-5758000000.000000,10423000000.000000,-9507000000.000000,-4691000000.000000,-29143000000.000000,504000000.000000,33656000000.000000,0.000000,12867000000.000000,12867000000.000000,12867000000.000000,0.000000,0.000000,0.104000,51070000000.000000,23063000000.000000,20032000000.000000,0.742000,1.450000,10.860000,10.926000,99088000000.000000,0.000000,23.710000,1.127000,1.127000,16047000000.000000,36591000000.000000,124028000000.000000,124028000000.000000,0.000000,0.046000,0.119000,0.134000,0.188000,-15000000.000000,31187000000.000000,1.000000,5893307211.000000,5893307211.000000,,21.046000,129704000000.000000,1014000000.000000,7036000000.000000,21070000000.000000,22.009000
ART,2009-03-31,2009-05-07,2009-03-31,2009-Q1,-13511000000.000000,150155000000.000000,2025-04-29,-16855000000.000000,264358000000.000000,274659750000.000000,23521000000.000000,240837000000.000000,0.451000,16.501000,-18671000000.000000,3812000000.000000,3812000000.000000,50135000000.000000,12607000000.000000,0.635000,1.713000,74350000000.000000,10790000000.000000,63560000000.000000,74350000000.000000,4065000000.000000,19866000000.000000,0.000000,0.064000,1.620000,22821000000.000000,42687000000.000000,0.345000,42687000000.000000,22821000000.000000,19447000000.000000,2.130000,2.120000,2.130000,97291000000.000000,104523250000.000000,97291000000.000000,220693000000.000000,10.000000,5.170000,17943000000.000000,3.043000,1.000000,73720000000.000000,0.595000,134557000000.000000,3374000000.000000,163307000000.000000,170928250000.000000,0.000000,2413000000.000000,0.000000,2413000000.000000,166663000000.000000,37032000000.000000,129631000000.000000,1849000000.000000,-5561000000.000000,-1789000000.000000,1558000000.000000,-9501000000.000000,-10164000000.000000,-24601000000.000000,363000000.000000,36614000000.000000,0.000000,12532000000.000000,12532000000.000000,12532000000.000000,0.000000,75000000.000000,0.101000,50900000000.000000,22820000000.000000,17359000000.000000,0.761000,1.543000,11.982000,11.948000,98339000000.000000,0.000000,25.450000,1.212000,1.212000,14965000000.000000,37296000000.000000,123855000000.000000,123855000000.000000,0.000000,0.046000,0.120000,0.134000,0.184000,-8000000.000000,31034000000.000000,1.000000,5900000000.000000,5896000000.000000,,21.007000,129801000000.000000,957000000.000000,6915000000.000000,21775000000.000000,22.015000
ART,2009-06-30,2009-08-05,2009-06-30,2009-Q2,-9279000000.000000,151807000000.000000,2025-04-29,-16308000000.000000,267918000000.000000,270512250000.000000,26940000000.000000,240978000000.000000,0.457000,16.713000,-17392000000.000000,7348000000.000000,7348000000.000000,50713000000.000000,12111000000.000000,0.744000,1.713000,76720000000.000000,10155000000.000000,66565000000.000000,76720000000.000000,3932000000.000000,19811000000.000000,0.000000,0.063000,1.630000,21775000000.000000,41586000000.000000,0.336000,41586000000.000000,21775000000.000000,18376000000.000000,2.030000,2.030000,2.030000,98609000000.000000,101191250000.000000,98609000000.000000,221179000000.000000,10.000000,5.319000,18561000000.000000,3.146000,1.000000,73010000000.000000,0.590000,133820000000.000000,3399000000.000000,167251000000.000000,167440500000.000000,0.000000,2749000000.000000,0.000000,2749000000.000000,168906000000.000000,36219000000.000000,132687000000.000000,5717000000.000000,251000000.000000,13000000.000000,-3277000000.000000,-9539000000.000000,-12923000000.000000,-17313000000.000000,556000000.000000,35953000000.000000,0.000000,11958000000.000000,11958000000.000000,11958000000.000000,0.000000,153000000.000000,0.097000,51251000000.000000,21759000000.000000,18046000000.000000,0.803000,1.539000,12.695000,12.675000,98229000000.000000,0.000000,25.730000,1.227000,1.227000,14846000000.000000,38069000000.000000,123723000000.000000,123723000000.000000,0.000000,0.044000,0.118000,0.130000,0.176000,-1000000.000000,31440000000.000000,1.000000,5900000000.000000,5900000000.000000,,20.970000,134098000000.000000,964000000.000000,6418000000.000000,22021000000.000000,22.728000
ART,2009-09-30,2009-11-05,2009-09-30,2009-Q3,-7347000000.000000,153071940000.000000,2025-04-29,-16161000000.000000,266568000000.000000,266022250000.000000,25921000000.000000,240647000000.000000,0.463000,16.874000,-16355000000.000000,6167000000.000000,6167000000.000000,50528000000.000000,12156000000.000000,0.779000,1.673000,72664000000.000000,6755000000.000000,65909000000.000000,72664000000.000000,4036000000.000000,19743000000.000000,0.000000,0.063000,1.640000,21494000000.000000,41237000000.000000,0.335000,41237000000.000000,21494000000.000000,18100000000.000000,2.020000,2.020000,2.020000,99573000000.000000,97955000000.000000,99573000000.000000,219568940000.000000,10.000000,5.325000,20009000000.000000,3.391000,1.000000,72708000000.000000,0.590000,133143000000.000000,3394000000.000000,166654000000.000000,164456250000.000000,0.000000,2813000000.000000,0.000000,2813000000.000000,166567000000.000000,33268000000.000000,133299000000.000000,4573000000.000000,-694000000.000000,10000000.000000,-4473000000.000000,-9609000000.000000,-14198000000.000000,-17593000000.000000,157000000.000000,36364000000.000000,0.000000,11920000000.000000,11920000000.000000,11920000000.000000,0.000000,236000000.000000,0.097000,51179000000.000000,21529000000.000000,18093000000.000000,0.812000,1.537000,12.842000,12.842000,98321000000.000000,0.000000,25.940000,1.242000,1.242000,14796000000.000000,38841000000.000000,123236000000.000000,123236000000.000000,0.000000,0.045000,0.122000,0.131000,0.174000,0.000000,31436000000.000000,1.000000,5901000000.000000,5901000000.000000,,20.884000,133425000000.000000,991000000.000000,6180000000.000000,24244000000.000000,22.611000
ART,2009-12-31,2010-02-25,2009-12-31,2009-Q4,-12371000000.000000,146194383829.000000,2025-04-29,-14408000000.000000,268752000000.000000,266899000000.000000,24334000000.000000,244418000000.000000,0.461000,17.265000,-16595000000.000000,3802000000.000000,3802000000.000000,50405000000.000000,12843000000.000000,0.663000,1.633000,72081000000.000000,7361000000.000000,64720000000.000000,72081000000.000000,4170000000.000000,19714000000.000000,0.000000,0.067000,1.650000,22070000000.000000,41784000000.000000,0.340000,41784000000.000000,22070000000.000000,18691000000.000000,2.120000,2.120000,2.120000,101900000000.000000,99343250000.000000,101900000000.000000,214473383829.000000,10.000000,5.133000,17850000000.000000,3.024000,1.000000,72613000000.000000,0.590000,135082000000.000000,3379000000.000000,165244000000.000000,165614000000.000000,0.000000,2921000000.000000,0.000000,2921000000.000000,166427000000.000000,36705000000.000000,129722000000.000000,2010000000.000000,-696000000.000000,28000000.000000,-4403000000.000000,-9670000000.000000,-14510000000.000000,-17925000000.000000,55000000.000000,34445000000.000000,0.000000,12535000000.000000,12535000000.000000,12535000000.000000,0.000000,308000000.000000,0.102000,51121000000.000000,21492000000.000000,20999000000.000000,0.778000,1.435000,11.663000,11.684000,100093000000.000000,0.000000,24.770000,1.188000,1.188000,14978000000.000000,39366000000.000000,123018000000.000000,123018000000.000000,0.000000,0.047000,0.126000,0.133000,0.179000,0.000000,31407000000.000000,1.000000,5902074438.000000,5902074438.000000,,20.843000,133670000000.000000,1274000000.000000,6156000000.000000,25499000000.000000,22.648000
ART,2010-03-31,2010-05-06,2010-03-31,2010-Q1,-14344000000.000000,148552260000.000000,2025-04-29,-14265000000.000000,265701000000.000000,267234750000.000000,22362000000.000000,243339000000.000000,0.461000,17.277000,-16578000000.000000,2617000000.000000,2617000000.000000,50492000000.000000,12204000000.000000,0.609000,1.600000,69461000000.000000,9437000000.000000,60024000000.000000,69461000000.000000,4061000000.000000,19654000000.000000,0.000000,0.066000,1.660000,22404000000.000000,42058000000.000000,0.342000,42058000000.000000,22404000000.000000,19107000000.000000,2.010000,2.010000,2.010000,102023000000.000000,100526250000.000000,102023000000.000000,215396260000.000000,10.000000,5.121000,17205000000.000000,2.914000,1.000000,72604000000.000000,0.590000,134384000000.000000,3297000000.000000,161455000000.000000,165151000000.000000,0.000000,3278000000.000000,0.000000,3278000000.000000,163235000000.000000,36706000000.000000,126529000000.000000,-1195000000.000000,-1054000000.000000,30000000.000000,-6872000000.000000,-9733000000.000000,-16681000000.000000,-18297000000.000000,45000000.000000,33783000000.000000,0.000000,11884000000.000000,11884000000.000000,11884000000.000000,0.000000,320000000.000000,0.097000,50839000000.000000,21765000000.000000,18087000000.000000,0.826000,1.456000,12.500000,12.507000,99360000000.000000,0.000000,25.140000,1.207000,1.206000,14167000000.000000,39373000000.000000,123096000000.000000,123096000000.000000,0.000000,0.044000,0.118000,0.136000,0.182000,0.000000,31185000000.000000,1.000000,5909000000.000000,5905000000.000000,,20.846000,131317000000.000000,1293000000.000000,7223000000.000000,28159000000.000000,22.238000
ART,2010-06-30,2010-08-06,2010-06-30,2010-Q2,-14790000000.000000,156824860000.000000,2025-04-29,-14852000000.000000,267556000000.000000,267144250000.000000,21392000000.000000,246164000000.000000,0.461000,17.439000,-17415000000.000000,1377000000.000000,1377000000.000000,50395000000.000000,13029000000.000000,0.591000,1.592000,69998000000.000000,9721000000.000000,60277000000.000000,69998000000.000000,3943000000.000000,19563000000.000000,0.000000,0.063000,1.670000,23664000000.000000,43227000000.000000,0.351000,43227000000.000000,23664000000.000000,20492000000.000000,2.150000,2.150000,2.150000,103046000000.000000,101635500000.000000,103046000000.000000,225445860000.000000,10.000000,5.215000,17038000000.000000,2.883000,1.000000,72775000000.000000,0.591000,135027000000.000000,3172000000.000000,164968000000.000000,164580250000.000000,0.000000,4346000000.000000,0.000000,4346000000.000000,164073000000.000000,36182000000.000000,127891000000.000000,-5910000000.000000,-3380000000.000000,29000000.000000,-7993000000.000000,-9796000000.000000,-18378000000.000000,-21985000000.000000,-469000000.000000,34453000000.000000,0.000000,12709000000.000000,12709000000.000000,12709000000.000000,4000000.000000,320000000.000000,0.103000,50402000000.000000,22373000000.000000,18157000000.000000,0.777000,1.522000,12.340000,12.344000,100302000000.000000,0.000000,26.540000,1.273000,1.273000,13780000000.000000,40909000000.000000,123170000000.000000,123170000000.000000,0.000000,0.048000,0.125000,0.144000,0.192000,0.000000,30813000000.000000,1.000000,5909000000.000000,5909000000.000000,,20.844000,132529000000.000000,1225000000.000000,7783000000.000000,27494000000.000000,22.428000
ART,2010-09-30,2010-11-05,2010-09-30,2010-Q3,-10697000000.000000,172985700000.000000,2025-04-29,-14888000000.000000,269252000000.000000,267815250000.000000,21977000000.000000,247275000000.000000,0.463000,19.122000,-18698000000.000000,3246000000.000000,3246000000.000000,51029000000.000000,22171000000.000000,0.673000,1.380000,68966000000.000000,6426000000.000000,62540000000.000000,68966000000.000000,3933000000.000000,19544000000.000000,0.000000,0.057000,1.680000,24659000000.000000,44203000000.000000,0.357000,44203000000.000000,24659000000.000000,21611000000.000000,3.700000,3.690000,3.700000,112994000000.000000,104990750000.000000,112994000000.000000,238705700000.000000,10.000000,5.400000,15616000000.000000,2.643000,1.000000,72867000000.000000,0.588000,134454000000.000000,3048000000.000000,167844000000.000000,164877750000.000000,0.000000,4544000000.000000,0.000000,4544000000.000000,155959000000.000000,32674000000.000000,123285000000.000000,-2860000000.000000,-1511000000.000000,44000000.000000,-5554000000.000000,-9854000000.000000,-15862000000.000000,-21312000000.000000,-368000000.000000,34314000000.000000,0.000000,21856000000.000000,21856000000.000000,21856000000.000000,-776000000.000000,315000000.000000,0.176000,50418000000.000000,22449000000.000000,18417000000.000000,0.454000,1.531000,7.915000,7.911000,101475000000.000000,0.000000,29.270000,1.396000,1.396000,13606000000.000000,50751000000.000000,123896000000.000000,123896000000.000000,0.000000,0.082000,0.208000,0.150000,0.199000,0.000000,30848000000.000000,1.000000,5910000000.000000,5909000000.000000,,20.967000,134798000000.000000,1059000000.000000,-245000000.000000,22067000000.000000,22.812000
ART,2010-12-31,2011-03-01,2010-12-31,2010-Q4,-14000000000.000000,165993050434.000000,2025-04-29,2712000000.000000,268488000000.000000,267749250000.000000,19951000000.000000,248537000000.000000,0.464000,18.887000,-19530000000.000000,1437000000.000000,1437000000.000000,52263000000.000000,20179000000.000000,0.588000,1.402000,66167000000.000000,7196000000.000000,58971000000.000000,66167000000.000000,4086000000.000000,19379000000.000000,0.000000,0.060000,1.690000,21696000000.000000,41075000000.000000,0.331000,41075000000.000000,21696000000.000000,18702000000.000000,3.360000,3.350000,3.360000,111647000000.000000,107427500000.000000,111647000000.000000,230723050434.000000,11.000000,5.617000,15463000000.000000,2.616000,1.000000,72017000000.000000,0.579000,134121000000.000000,2994000000.000000,165146000000.000000,164853250000.000000,0.000000,4515000000.000000,0.000000,4515000000.000000,156538000000.000000,33951000000.000000,122587000000.000000,-2304000000.000000,-1076000000.000000,50000000.000000,-5467000000.000000,-9916000000.000000,-15848000000.000000,-21449000000.000000,-100000000.000000,34993000000.000000,0.000000,19864000000.000000,19864000000.000000,19864000000.000000,-779000000.000000,315000000.000000,0.160000,52444000000.000000,19573000000.000000,20055000000.000000,0.503000,1.487000,8.356000,8.357000,103196000000.000000,0.000000,28.080000,1.336000,1.336000,13610000000.000000,31792000000.000000,124280000000.000000,124280000000.000000,0.000000,0.074000,0.185000,0.132000,0.175000,0.000000,33065000000.000000,1.000000,5911433420.000000,5911433420.000000,,21.024000,134367000000.000000,1170000000.000000,-1162000000.000000,22142000000.000000,22.730000
ART,2011-03-31,2011-05-06,2011-03-31,2011-Q1,-13517000000.000000,185121720000.000000,2025-04-29,2713000000.000000,268085000000.000000,268345250000.000000,19737000000.000000,248348000000.000000,0.466000,18.995000,-20507000000.000000,1391000000.000000,1391000000.000000,53331000000.000000,21085000000.000000,0.594000,1.379000,65028000000.000000,6902000000.000000,58126000000.000000,65028000000.000000,3959000000.000000,19137000000.000000,0.000000,0.054000,1.700000,21637000000.000000,40774000000.000000,0.326000,40774000000.000000,21637000000.000000,18562000000.000000,3.510000,3.510000,3.510000,112544000000.000000,110057750000.000000,112544000000.000000,248758720000.000000,11.000000,6.101000,14965000000.000000,2.526000,1.000000,71666000000.000000,0.573000,133575000000.000000,3075000000.000000,164893000000.000000,165712750000.000000,0.000000,4845000000.000000,0.000000,4845000000.000000,155242000000.000000,33254000000.000000,121988000000.000000,-1165000000.000000,-942000000.000000,65000000.000000,-4578000000.000000,-9977000000.000000,-14642000000.000000,-21995000000.000000,47000000.000000,35472000000.000000,0.000000,20797000000.000000,20797000000.000000,20797000000.000000,-778000000.000000,288000000.000000,0.166000,52292000000.000000,19374000000.000000,18349000000.000000,0.484000,1.645000,8.901000,8.906000,103369000000.000000,0.000000,31.260000,1.481000,1.482000,13246000000.000000,32649000000.000000,124997000000.000000,124997000000.000000,0.000000,0.078000,0.189000,0.131000,0.173000,0.000000,33129000000.000000,1.000000,5922000000.000000,5925000000.000000,,21.097000,134510000000.000000,1157000000.000000,-2235000000.000000,24648000000.000000,22.702000
ART,2011-06-30,2011-08-05,2011-06-30,2011-Q2,-11298000000.000000,171439180000.000000,2025-04-29,2720000000.000000,272014000000.000000,269459750000.000000,22239000000.000000,249775000000.000000,0.466000,19.185000,-21079000000.000000,3831000000.000000,3831000000.000000,54282000000.000000,20642000000.000000,0.663000,1.388000,66573000000.000000,7910000000.000000,58663000000.000000,66573000000.000000,3804000000.000000,18927000000.000000,0.000000,0.059000,1.710000,21019000000.000000,39946000000.000000,0.318000,39946000000.000000,21019000000.000000,17850000000.000000,3.430000,3.430000,3.430000,113803000000.000000,112747000000.000000,113803000000.000000,234181180000.000000,11.000000,5.862000,14861000000.000000,2.505000,1.000000,71402000000.000000,0.568000,133044000000.000000,3169000000.000000,168175000000.000000,166514500000.000000,0.000000,5207000000.000000,0.000000,5207000000.000000,157905000000.000000,33537000000.000000,124368000000.000000,2454000000.000000,1432000000.000000,244000000.000000,-3994000000.000000,-10038000000.000000,-13890000000.000000,-19596000000.000000,490000000.000000,35940000000.000000,0.000000,20365000000.000000,20365000000.000000,20365000000.000000,-782000000.000000,277000000.000000,0.162000,51977000000.000000,19425000000.000000,18145000000.000000,0.499000,1.506000,8.418000,8.434000,104606000000.000000,0.000000,28.930000,1.364000,1.365000,13608000000.000000,33687000000.000000,125684000000.000000,125684000000.000000,0.000000,0.076000,0.181000,0.126000,0.167000,0.000000,33050000000.000000,1.000000,5926000000.000000,5932000000.000000,,21.187000,138970000000.000000,1180000000.000000,-2515000000.000000,26195000000.000000,23.427000
ART,2011-09-30,2011-11-03,2011-09-30,2011-Q3,-5426000000.000000,174461440000.000000,2025-04-29,1677000000.000000,277653000000.000000,271560000000.000000,28605000000.000000,249048000000.000000,0.462000,19.140000,-20985000000.000000,10762000000.000000,10762000000.000000,53928000000.000000,11911000000.000000,0.841000,1.441000,71226000000.000000,8900000000.000000,62326000000.000000,71226000000.000000,3794000000.000000,18654000000.000000,0.000000,0.058000,1.720000,20922000000.000000,39576000000.000000,0.315000,39576000000.000000,20922000000.000000,17593000000.000000,1.950000,1.960000,1.950000,113615000000.000000,112902250000.000000,113615000000.000000,234925440000.000000,11.000000,5.936000,15808000000.000000,2.663000,1.000000,71653000000.000000,0.571000,132565000000.000000,3329000000.000000,171521000000.000000,167433750000.000000,0.000000,4483000000.000000,0.000000,4483000000.000000,163771000000.000000,34031000000.000000,129740000000.000000,7516000000.000000,-636000000.000000,242000000.000000,2628000000.000000,-10107000000.000000,-7759000000.000000,-21518000000.000000,382000000.000000,36793000000.000000,0.000000,11649000000.000000,11649000000.000000,11649000000.000000,-2000000.000000,262000000.000000,0.093000,51457000000.000000,20196000000.000000,17860000000.000000,0.882000,1.536000,14.977000,15.097000,105786000000.000000,0.000000,29.440000,1.389000,1.392000,13377000000.000000,34758000000.000000,125581000000.000000,125581000000.000000,0.000000,0.043000,0.103000,0.125000,0.167000,0.000000,32803000000.000000,1.000000,5926000000.000000,5936000000.000000,,21.156000,145088000000.000000,1101000000.000000,5944000000.000000,27375000000.000000,24.442000
ART,2011-12-31,2012-02-24,2011-12-31,2011-Q4,-7767000000.000000,179878325243.000000,2025-04-29,3180000000.000000,270344000000.000000,272024000000.000000,23027000000.000000,247317000000.000000,0.466000,17.800000,-20110000000.000000,3185000000.000000,3185000000.000000,57374000000.000000,4184000000.000000,0.748000,1.559000,64753000000.000000,3453000000.000000,61300000000.000000,64753000000.000000,3872000000.000000,18377000000.000000,0.000000,0.057000,1.730000,10011000000.000000,28388000000.000000,0.224000,28388000000.000000,10011000000.000000,6476000000.000000,0.660000,0.660000,0.660000,105534000000.000000,111374000000.000000,105534000000.000000,241446325243.000000,24.000000,8.505000,14538000000.000000,2.452000,1.000000,69349000000.000000,0.547000,130185000000.000000,3535000000.000000,170933000000.000000,168880500000.000000,0.000000,3718000000.000000,0.000000,3718000000.000000,164547000000.000000,30794000000.000000,133753000000.000000,1748000000.000000,-1067000000.000000,237000000.000000,-1263000000.000000,-10172000000.000000,-11650000000.000000,-21250000000.000000,62000000.000000,34648000000.000000,0.000000,3944000000.000000,3944000000.000000,3944000000.000000,0.000000,240000000.000000,0.031000,60131000000.000000,9218000000.000000,19858000000.000000,2.621000,1.704000,45.608000,45.970000,107087000000.000000,0.000000,30.340000,1.419000,1.419000,13606000000.000000,25453000000.000000,126723000000.000000,126723000000.000000,0.000000,0.014000,0.035000,0.059000,0.079000,0.000000,38844000000.000000,1.000000,5928751656.000000,5928751656.000000,,21.374000,140159000000.000000,1470000000.000000,2532000000.000000,26751000000.000000,23.641000
ART,2012-03-31,2012-05-04,2012-03-31,2012-Q1,-11755000000.000000,192658180000.000000,2025-04-29,3386000000.000000,269356000000.000000,272341750000.000000,20765000000.000000,248591000000.000000,0.467000,17.725000,-20238000000.000000,2442000000.000000,2442000000.000000,56884000000.000000,4368000000.000000,0.639000,1.565000,65709000000.000000,6775000000.000000,58934000000.000000,65709000000.000000,3966000000.000000,18353000000.000000,0.000000,0.053000,1.740000,10263000000.000000,28616000000.000000,0.225000,28616000000.000000,10263000000.000000,6715000000.000000,0.680000,0.680000,0.680000,104899000000.000000,109462750000.000000,104899000000.000000,255925180000.000000,25.000000,8.943000,14474000000.000000,2.446000,1.000000,70414000000.000000,0.553000,130299000000.000000,3548000000.000000,169804000000.000000,170108250000.000000,0.000000,4302000000.000000,0.000000,4302000000.000000,164169000000.000000,32520000000.000000,131649000000.000000,1051000000.000000,-1441000000.000000,-1629000000.000000,819000000.000000,-10238000000.000000,-11749000000.000000,-21912000000.000000,-60000000.000000,34712000000.000000,0.000000,4120000000.000000,4120000000.000000,4120000000.000000,0.000000,248000000.000000,0.032000,60903000000.000000,9511000000.000000,17593000000.000000,2.559000,1.837000,46.762000,48.324000,107231000000.000000,0.000000,32.860000,1.513000,1.528000,13167000000.000000,26446000000.000000,127298000000.000000,127298000000.000000,0.000000,0.015000,0.038000,0.060000,0.081000,0.000000,39640000000.000000,1.000000,5863000000.000000,5918000000.000000,,21.510000,139057000000.000000,1463000000.000000,2595000000.000000,27737000000.000000,23.497000
ART,2012-06-30,2012-08-03,2012-06-30,2012-Q2,-10546000000.000000,216799020000.000000,2025-04-29,2939000000.000000,266294000000.000000,270911750000.000000,19156000000.000000,247138000000.000000,0.470000,17.640000,-19447000000.000000,2151000000.000000,2151000000.000000,55921000000.000000,4675000000.000000,0.645000,1.575000,64534000000.000000,3402000000.000000,61132000000.000000,64534000000.000000,3743000000.000000,18250000000.000000,0.000000,0.047000,1.750000,10840000000.000000,29090000000.000000,0.228000,29090000000.000000,10840000000.000000,7199000000.000000,0.750000,0.740000,0.750000,103280000000.000000,106832000000.000000,103280000000.000000,279182020000.000000,26.000000,9.597000,15903000000.000000,2.716000,1.000000,71457000000.000000,0.561000,128670000000.000000,3641000000.000000,170305000000.000000,170640750000.000000,0.000000,4388000000.000000,0.000000,4388000000.000000,162715000000.000000,29702000000.000000,133013000000.000000,-1680000000.000000,-712000000.000000,-4209000000.000000,-1455000000.000000,-10277000000.000000,-16805000000.000000,-20225000000.000000,141000000.000000,35350000000.000000,0.000000,4431000000.000000,4431000000.000000,4431000000.000000,0.000000,244000000.000000,0.035000,61294000000.000000,10163000000.000000,16298000000.000000,2.333000,2.099000,48.928000,50.107000,107483000000.000000,0.000000,37.580000,1.702000,1.727000,12430000000.000000,27788000000.000000,127378000000.000000,127378000000.000000,0.000000,0.016000,0.041000,0.064000,0.085000,0.000000,40134000000.000000,1.000000,5769000000.000000,5855000000.000000,,21.755000,137624000000.000000,1418000000.000000,2768000000.000000,29716000000.000000,23.505000
ART,2012-09-30,2012-11-02,2012-09-30,2012-Q3,-11840000000.000000,198402400000.000000,2025-04-29,3106000000.000000,266849000000.000000,268210750000.000000,18958000000.000000,247891000000.000000,0.475000,17.494000,-19104000000.000000,2217000000.000000,2217000000.000000,55474000000.000000,4690000000.000000,0.616000,1.640000,63747000000.000000,3433000000.000000,60314000000.000000,63747000000.000000,3709000000.000000,18144000000.000000,0.000000,0.050000,1.760000,10629000000.000000,28773000000.000000,0.226000,28773000000.000000,10629000000.000000,7053000000.000000,0.770000,0.760000,0.770000,100957000000.000000,103667500000.000000,100957000000.000000,259932400000.000000,24.000000,9.034000,17338000000.000000,3.004000,1.000000,71885000000.000000,0.564000,128504000000.000000,3576000000.000000,169077000000.000000,170029750000.000000,0.000000,4563000000.000000,0.000000,4563000000.000000,165575000000.000000,30798000000.000000,134777000000.000000,-8545000000.000000,-457000000.000000,-7893000000.000000,-7387000000.000000,-10283000000.000000,-25511000000.000000,-19476000000.000000,328000000.000000,36442000000.000000,0.000000,4443000000.000000,4443000000.000000,4443000000.000000,0.000000,247000000.000000,0.035000,61920000000.000000,9965000000.000000,18936000000.000000,2.286000,1.965000,44.655000,45.364000,108217000000.000000,0.000000,34.930000,1.558000,1.583000,12398000000.000000,28907000000.000000,127359000000.000000,127359000000.000000,0.000000,0.017000,0.043000,0.063000,0.083000,0.000000,40866000000.000000,1.000000,5680000000.000000,5771000000.000000,,22.069000,138345000000.000000,1312000000.000000,2610000000.000000,31301000000.000000,23.972000
ART,2012-12-31,2013-02-22,2012-12-31,2012-Q4,-9081000000.000000,195940626568.000000,2025-04-29,5236000000.000000,272315000000.000000,268703500000.000000,22706000000.000000,249609000000.000000,0.474000,16.819000,-19465000000.000000,4868000000.000000,4868000000.000000,55215000000.000000,7539000000.000000,0.714000,1.945000,69844000000.000000,3486000000.000000,66358000000.000000,69844000000.000000,3808000000.000000,18143000000.000000,0.000000,0.050000,1.770000,13608000000.000000,31751000000.000000,0.249000,31751000000.000000,13608000000.000000,10164000000.000000,1.250000,1.250000,1.250000,92362000000.000000,100374500000.000000,92362000000.000000,260916626568.000000,19.000000,8.218000,19711000000.000000,3.589000,1.000000,72219000000.000000,0.567000,128548000000.000000,3444000000.000000,176956000000.000000,171535500000.000000,0.000000,4581000000.000000,0.000000,4581000000.000000,179620000000.000000,31787000000.000000,147833000000.000000,1823000000.000000,-16000000.000000,-12275000000.000000,4754000000.000000,-10241000000.000000,-17673000000.000000,-19680000000.000000,65000000.000000,39176000000.000000,0.000000,7264000000.000000,7264000000.000000,7264000000.000000,0.000000,275000000.000000,0.057000,59222000000.000000,12997000000.000000,20911000000.000000,1.416000,2.121000,26.974000,28.544000,109767000000.000000,0.000000,35.680000,1.538000,1.538000,12657000000.000000,22481000000.000000,127434000000.000000,127434000000.000000,0.000000,0.027000,0.072000,0.079000,0.107000,0.000000,41079000000.000000,1.000000,5491609489.000000,5491609489.000000,,23.205000,143767000000.000000,1036000000.000000,2900000000.000000,29517000000.000000,26.179000
ART,2013-03-31,2013-05-03,2013-03-31,2013-Q1,-9414000000.000000,200889200000.000000,2025-04-29,5344000000.000000,270994000000.000000,269113000000.000000,20372000000.000000,250622000000.000000,0.472000,15.962000,-19456000000.000000,3875000000.000000,3875000000.000000,54856000000.000000,7660000000.000000,0.684000,2.076000,74132000000.000000,3446000000.000000,70686000000.000000,74132000000.000000,4167000000.000000,18112000000.000000,0.000000,0.048000,1.780000,13384000000.000000,31496000000.000000,0.248000,31496000000.000000,13384000000.000000,9972000000.000000,1.320000,1.310000,1.320000,87998000000.000000,96149250000.000000,87998000000.000000,271146200000.000000,20.000000,8.609000,20123000000.000000,3.650000,1.000000,72112000000.000000,0.568000,129491000000.000000,3412000000.000000,181974000000.000000,174578000000.000000,0.000000,4998000000.000000,0.000000,4998000000.000000,182656000000.000000,29786000000.000000,152870000000.000000,1573000000.000000,-639000000.000000,-16282000000.000000,8804000000.000000,-10137000000.000000,-17706000000.000000,-20300000000.000000,60000000.000000,39579000000.000000,0.000000,7380000000.000000,7380000000.000000,7380000000.000000,0.000000,280000000.000000,0.058000,59276000000.000000,12836000000.000000,17523000000.000000,1.348000,2.283000,27.221000,28.288000,109702000000.000000,0.000000,37.340000,1.582000,1.621000,12100000000.000000,23787000000.000000,126968000000.000000,126968000000.000000,0.000000,0.027000,0.077000,0.077000,0.105000,0.000000,41164000000.000000,1.000000,5380000000.000000,5513000000.000000,,23.031000,141503000000.000000,980000000.000000,2592000000.000000,31128000000.000000,25.667000
ART,2013-06-30,2013-08-02,2013-06-30,2013-Q2,-9761000000.000000,189974470000.000000,2025-04-29,5107000000.000000,272093000000.000000,270562750000.000000,21428000000.000000,250665000000.000000,0.471000,15.978000,-20388000000.000000,4548000000.000000,4548000000.000000,55757000000.000000,7575000000.000000,0.687000,2.161000,75173000000.000000,3256000000.000000,71917000000.000000,75173000000.000000,4029000000.000000,18184000000.000000,0.000000,0.050000,1.790000,13036000000.000000,31220000000.000000,0.245000,31220000000.000000,13036000000.000000,9740000000.000000,1.360000,1.360000,1.360000,85980000000.000000,91824250000.000000,85980000000.000000,260599470000.000000,20.000000,8.347000,19040000000.000000,3.538000,1.000000,71711000000.000000,0.563000,129468000000.000000,3296000000.000000,182061000000.000000,177517000000.000000,0.000000,3888000000.000000,0.000000,3888000000.000000,185778000000.000000,31189000000.000000,154589000000.000000,2537000000.000000,-696000000.000000,-17141000000.000000,10690000000.000000,-9984000000.000000,-15771000000.000000,-21120000000.000000,242000000.000000,39428000000.000000,0.000000,7300000000.000000,7300000000.000000,7300000000.000000,0.000000,275000000.000000,0.057000,59579000000.000000,12132000000.000000,19438000000.000000,1.316000,2.210000,26.024000,26.301000,110734000000.000000,0.000000,35.770000,1.490000,1.510000,12508000000.000000,25212000000.000000,127468000000.000000,127468000000.000000,0.000000,0.027000,0.079000,0.073000,0.102000,0.000000,41395000000.000000,1.000000,5311000000.000000,5381000000.000000,,23.689000,142625000000.000000,953000000.000000,2440000000.000000,31465000000.000000,26.505000
ART,2013-09-30,2013-11-01,2013-09-30,2013-Q3,-17748000000.000000,190912320000.000000,2025-04-29,5282000000.000000,274599000000.000000,272500250000.000000,18435000000.000000,256164000000.000000,0.470000,16.127000,-21411000000.000000,1371000000.000000,1371000000.000000,56442000000.000000,7779000000.000000,0.509000,2.199000,76223000000.000000,7873000000.000000,68350000000.000000,76223000000.000000,4013000000.000000,18287000000.000000,0.000000,0.050000,1.800000,13074000000.000000,31361000000.000000,0.245000,31361000000.000000,13074000000.000000,9773000000.000000,1.450000,1.450000,1.450000,85715000000.000000,88013750000.000000,85715000000.000000,265764320000.000000,20.000000,8.474000,15700000000.000000,2.954000,1.000000,71725000000.000000,0.560000,132214000000.000000,3301000000.000000,181054000000.000000,180511250000.000000,0.000000,3949000000.000000,0.000000,3949000000.000000,188469000000.000000,36183000000.000000,152286000000.000000,-706000000.000000,-3451000000.000000,-15387000000.000000,11997000000.000000,-9828000000.000000,-12728000000.000000,-25089000000.000000,55000000.000000,37111000000.000000,0.000000,7479000000.000000,7479000000.000000,7479000000.000000,0.000000,300000000.000000,0.058000,59442000000.000000,12283000000.000000,20433000000.000000,1.241000,2.227000,25.526000,24.993000,112424000000.000000,0.000000,36.240000,1.490000,1.503000,12444000000.000000,26648000000.000000,128167000000.000000,128167000000.000000,0.000000,0.027000,0.085000,0.072000,0.102000,0.000000,41155000000.000000,1.000000,5268000000.000000,5315000000.000000,,24.114000,142385000000.000000,682000000.000000,2294000000.000000,32154000000.000000,26.789000
ART,2013-12-31,2014-02-21,2013-12-31,2013-Q4,-11799000000.000000,170784663272.000000,2025-04-29,7880000000.000000,277787000000.000000,273868250000.000000,23196000000.000000,254591000000.000000,0.470000,17.475000,-20944000000.000000,3339000000.000000,3339000000.000000,51464000000.000000,18553000000.000000,0.663000,2.048000,74788000000.000000,5498000000.000000,69290000000.000000,74788000000.000000,4212000000.000000,18395000000.000000,0.000000,0.055000,1.810000,31413000000.000000,49808000000.000000,0.387000,49808000000.000000,31413000000.000000,27473000000.000000,3.390000,3.390000,3.390000,90988000000.000000,87670250000.000000,90988000000.000000,242233663272.000000,8.000000,4.863000,13852000000.000000,2.660000,1.000000,77288000000.000000,0.600000,131485000000.000000,3940000000.000000,182756000000.000000,181961250000.000000,0.000000,3860000000.000000,0.000000,3860000000.000000,186305000000.000000,34995000000.000000,151310000000.000000,-1529000000.000000,-2190000000.000000,-12914000000.000000,9158000000.000000,-9696000000.000000,-13201000000.000000,-23124000000.000000,301000000.000000,34796000000.000000,0.000000,18249000000.000000,18249000000.000000,18249000000.000000,0.000000,304000000.000000,0.142000,46809000000.000000,30479000000.000000,21107000000.000000,0.534000,1.877000,9.359000,9.676000,110968000000.000000,0.000000,32.800000,1.326000,1.326000,12918000000.000000,31141000000.000000,128752000000.000000,128752000000.000000,0.000000,0.067000,0.208000,0.173000,0.244000,0.000000,28414000000.000000,1.000000,5206849490.000000,5206849490.000000,,24.727000,146302000000.000000,1199000000.000000,9224000000.000000,38082000000.000000,28.098000
ART,2014-03-31,2014-05-02,2014-03-31,2014-Q1,-15741000000.000000,184919700000.000000,2025-04-29,7666000000.000000,285340000000.000000,277454750000.000000,24089000000.000000,261251000000.000000,0.468000,17.408000,-22408000000.000000,3611000000.000000,3611000000.000000,52231000000.000000,18514000000.000000,0.605000,2.134000,79876000000.000000,8301000000.000000,71575000000.000000,79876000000.000000,4121000000.000000,18483000000.000000,0.000000,0.051000,1.820000,31758000000.000000,50241000000.000000,0.387000,50241000000.000000,31758000000.000000,27785000000.000000,3.420000,3.430000,3.420000,90906000000.000000,88397250000.000000,90906000000.000000,261184700000.000000,8.000000,5.199000,12988000000.000000,2.487000,1.000000,77641000000.000000,0.598000,135819000000.000000,3973000000.000000,185956000000.000000,182956750000.000000,0.000000,3613000000.000000,0.000000,3613000000.000000,193971000000.000000,39830000000.000000,154141000000.000000,-264000000.000000,-1461000000.000000,-8283000000.000000,5429000000.000000,-9592000000.000000,-11811000000.000000,-23849000000.000000,301000000.000000,35396000000.000000,0.000000,18201000000.000000,18201000000.000000,18201000000.000000,0.000000,313000000.000000,0.140000,46824000000.000000,30817000000.000000,22234000000.000000,0.532000,2.034000,10.160000,10.418000,112809000000.000000,0.000000,35.630000,1.424000,1.433000,13120000000.000000,32402000000.000000,129872000000.000000,129872000000.000000,0.000000,0.066000,0.206000,0.174000,0.245000,0.000000,28341000000.000000,1.000000,5190000000.000000,5222000000.000000,,24.870000,149521000000.000000,1171000000.000000,9584000000.000000,39232000000.000000,28.633000
ART,2014-06-30,2014-08-01,2014-06-30,2014-Q2,-10676000000.000000,183221380000.000000,2025-04-29,7851000000.000000,293466000000.000000,282798000000.000000,33112000000.000000,260354000000.000000,0.461000,17.704000,-22928000000.000000,11305000000.000000,11305000000.000000,53173000000.000000,18255000000.000000,0.756000,2.180000,84052000000.000000,10482000000.000000,73570000000.000000,84052000000.000000,3990000000.000000,18462000000.000000,0.000000,0.052000,1.830000,32110000000.000000,50572000000.000000,0.388000,50572000000.000000,32110000000.000000,28081000000.000000,3.390000,3.400000,3.390000,92132000000.000000,89935250000.000000,92132000000.000000,255968380000.000000,8.000000,5.061000,11026000000.000000,2.119000,1.000000,77199000000.000000,0.592000,136129000000.000000,4029000000.000000,186296000000.000000,184015500000.000000,0.000000,159000000.000000,0.000000,159000000.000000,200841000000.000000,43788000000.000000,157053000000.000000,6757000000.000000,2231000000.000000,-5170000000.000000,8512000000.000000,-9550000000.000000,-6237000000.000000,-20960000000.000000,2000000.000000,33954000000.000000,0.000000,17926000000.000000,17926000000.000000,17926000000.000000,0.000000,329000000.000000,0.137000,46879000000.000000,30320000000.000000,22966000000.000000,0.540000,1.989000,10.221000,10.422000,114360000000.000000,0.000000,35.330000,1.405000,1.410000,13001000000.000000,33554000000.000000,130372000000.000000,130372000000.000000,0.000000,0.063000,0.199000,0.174000,0.246000,0.000000,28417000000.000000,1.000000,5186000000.000000,5204000000.000000,,25.052000,157337000000.000000,1180000000.000000,10155000000.000000,40797000000.000000,30.234000
ART,2014-09-30,2014-11-10,2014-09-30,2014-Q3,-14144000000.000000,182167440000.000000,2025-04-29,7926000000.000000,287939000000.000000,286133000000.000000,25835000000.000000,262104000000.000000,0.458000,17.817000,-22208000000.000000,2458000000.000000,2458000000.000000,54311000000.000000,17409000000.000000,0.646000,2.104000,75625000000.000000,5109000000.000000,70516000000.000000,75625000000.000000,4038000000.000000,18386000000.000000,0.000000,0.052000,1.840000,31257000000.000000,49643000000.000000,0.378000,49643000000.000000,31257000000.000000,27041000000.000000,3.250000,3.260000,3.250000,92613000000.000000,91659750000.000000,92613000000.000000,255334440000.000000,8.000000,5.143000,11302000000.000000,2.174000,1.000000,76860000000.000000,0.586000,137167000000.000000,4216000000.000000,183960000000.000000,184742000000.000000,0.000000,166000000.000000,0.000000,166000000.000000,194820000000.000000,39979000000.000000,154841000000.000000,1087000000.000000,5010000000.000000,-3471000000.000000,1194000000.000000,-9541000000.000000,-12979000000.000000,-19444000000.000000,-1993000000.000000,33510000000.000000,0.000000,17114000000.000000,17114000000.000000,17114000000.000000,0.000000,295000000.000000,0.130000,47326000000.000000,29534000000.000000,24119000000.000000,0.566000,1.967000,10.644000,10.806000,115134000000.000000,0.000000,35.120000,1.389000,1.392000,13445000000.000000,34165000000.000000,131171000000.000000,131171000000.000000,0.000000,0.060000,0.187000,0.169000,0.238000,0.000000,28940000000.000000,1.000000,5187000000.000000,5198000000.000000,,25.235000,150772000000.000000,1030000000.000000,9927000000.000000,41721000000.000000,29.006000
ART,2014-12-31,2015-02-20,2014-12-31,2014-Q4,-5254000000.000000,176880920430.000000,2025-04-29,8060000000.000000,292829000000.000000,289893500000.000000,32028000000.000000,260801000000.000000,0.457000,16.641000,-21199000000.000000,8603000000.000000,8603000000.000000,60611000000.000000,6518000000.000000,0.859000,2.384000,82067000000.000000,6056000000.000000,76011000000.000000,82067000000.000000,4105000000.000000,18273000000.000000,0.000000,0.054000,1.850000,13279000000.000000,31552000000.000000,0.238000,31552000000.000000,13279000000.000000,9666000000.000000,1.190000,1.190000,1.190000,86370000000.000000,90505250000.000000,86370000000.000000,250344920430.000000,19.000000,7.934000,10139000000.000000,1.954000,1.000000,71836000000.000000,0.542000,136655000000.000000,3613000000.000000,192356000000.000000,187142000000.000000,0.000000,250000000.000000,0.000000,250000000.000000,205905000000.000000,37282000000.000000,168623000000.000000,5264000000.000000,4982000000.000000,-1578000000.000000,5617000000.000000,-9552000000.000000,-7737000000.000000,-18337000000.000000,-1886000000.000000,31338000000.000000,0.000000,6224000000.000000,6224000000.000000,6224000000.000000,0.000000,294000000.000000,0.047000,60090000000.000000,11746000000.000000,23592000000.000000,1.555000,2.048000,28.419000,28.639000,112898000000.000000,0.000000,34.080000,1.335000,1.335000,14527000000.000000,27736000000.000000,132447000000.000000,132447000000.000000,0.000000,0.021000,0.069000,0.071000,0.100000,0.000000,39697000000.000000,1.000000,5190167853.000000,5190167853.000000,,25.519000,156174000000.000000,1142000000.000000,3442000000.000000,38635000000.000000,30.090000
ART,2015-03-31,2015-05-05,2015-03-31,2015-Q1,-10241000000.000000,175107960000.000000,2025-04-29,7341000000.000000,308028000000.000000,295565500000.000000,27410000000.000000,280618000000.000000,0.448000,16.625000,-19331000000.000000,4444000000.000000,4444000000.000000,61871000000.000000,6060000000.000000,0.728000,2.554000,96453000000.000000,8181000000.000000,88272000000.000000,96453000000.000000,4221000000.000000,18234000000.000000,0.000000,0.055000,1.860000,12300000000.000000,30534000000.000000,0.230000,30534000000.000000,12300000000.000000,8648000000.000000,1.100000,1.110000,1.100000,86499000000.000000,89403500000.000000,86499000000.000000,267116960000.000000,22.000000,8.748000,9946000000.000000,1.912000,1.000000,70676000000.000000,0.533000,157324000000.000000,3652000000.000000,205062000000.000000,191918500000.000000,0.000000,266000000.000000,0.000000,266000000.000000,220924000000.000000,37651000000.000000,183273000000.000000,833000000.000000,-14213000000.000000,-346000000.000000,20490000000.000000,-9588000000.000000,5398000000.000000,-33842000000.000000,4000000.000000,29277000000.000000,0.000000,5772000000.000000,5772000000.000000,5772000000.000000,0.000000,288000000.000000,0.044000,59752000000.000000,10924000000.000000,20418000000.000000,1.691000,2.024000,30.337000,30.655000,113198000000.000000,0.000000,33.720000,1.321000,1.324000,13592000000.000000,28490000000.000000,132547000000.000000,132547000000.000000,0.000000,0.020000,0.065000,0.064000,0.093000,0.000000,39398000000.000000,1.000000,5193000000.000000,5203000000.000000,,25.475000,150704000000.000000,1538000000.000000,2876000000.000000,40409000000.000000,28.965000
ART,2015-06-30,2015-08-07,2015-06-30,2015-Q2,2636000000.000000,210425710000.000000,2025-04-29,7039000000.000000,326489000000.000000,303821250000.000000,43163000000.000000,283326000000.000000,0.438000,16.691000,-17878000000.000000,20956000000.000000,20956000000.000000,62799000000.000000,5585000000.000000,1.065000,2.751000,113670000000.000000,8603000000.000000,105067000000.000000,113670000000.000000,4075000000.000000,18380000000.000000,0.000000,0.055000,1.870000,11078000000.000000,29458000000.000000,0.222000,29458000000.000000,11078000000.000000,7375000000.000000,1.000000,1.010000,1.000000,86859000000.000000,88085250000.000000,86859000000.000000,303139710000.000000,27.000000,10.291000,12489000000.000000,2.400000,1.000000,70188000000.000000,0.528000,158227000000.000000,3703000000.000000,220449000000.000000,200456750000.000000,0.000000,288000000.000000,0.000000,288000000.000000,238988000000.000000,40527000000.000000,198461000000.000000,9651000000.000000,-19964000000.000000,-189000000.000000,31466000000.000000,-9641000000.000000,17580000000.000000,-38296000000.000000,2000000.000000,30367000000.000000,0.000000,5269000000.000000,5269000000.000000,5269000000.000000,0.000000,316000000.000000,0.040000,59168000000.000000,11020000000.000000,21560000000.000000,1.870000,2.423000,39.937000,34.210000,114348000000.000000,0.000000,34.210000,1.582000,1.339000,13821000000.000000,29086000000.000000,132987000000.000000,132987000000.000000,0.000000,0.017000,0.060000,0.055000,0.083000,0.000000,38668000000.000000,1.000000,6151000000.000000,5204000000.000000,,25.555000,168262000000.000000,1131000000.000000,2106000000.000000,42364000000.000000,32.333000
ART,2015-09-30,2015-11-06,2015-09-30,2015-Q3,-12987000000.000000,204000320000.000000,2025-04-29,5294000000.000000,399989000000.000000,331833750000.000000,34951000000.000000,365038000000.000000,0.419000,20.564000,-17726000000.000000,6202000000.000000,6202000000.000000,66054000000.000000,5604000000.000000,0.729000,2.275000,126930000000.000000,7535000000.000000,119395000000.000000,126930000000.000000,4640000000.000000,20106000000.000000,0.000000,0.057000,1.880000,11490000000.000000,31596000000.000000,0.227000,31596000000.000000,11490000000.000000,7657000000.000000,0.920000,0.930000,0.920000,121824000000.000000,95388000000.000000,121824000000.000000,324728320000.000000,28.000000,10.278000,14714000000.000000,2.484000,1.000000,73067000000.000000,0.525000,226873000000.000000,3833000000.000000,245906000000.000000,215943250000.000000,0.000000,1744000000.000000,0.000000,1744000000.000000,277200000000.000000,47938000000.000000,229262000000.000000,3744000000.000000,-29654000000.000000,138000000.000000,31449000000.000000,-9693000000.000000,17708000000.000000,-46404000000.000000,1597000000.000000,32440000000.000000,0.000000,5261000000.000000,5261000000.000000,5261000000.000000,0.000000,343000000.000000,0.038000,61526000000.000000,11541000000.000000,28280000000.000000,2.043000,1.675000,38.776000,36.043000,122836000000.000000,0.000000,33.160000,1.466000,1.412000,16329000000.000000,32627000000.000000,139121000000.000000,139121000000.000000,0.000000,0.016000,0.055000,0.053000,0.083000,0.000000,39300000000.000000,1.000000,6152000000.000000,5924000000.000000,,23.484000,173116000000.000000,0.000000,2396000000.000000,57635000000.000000,29.223000
ART,2015-12-31,2016-02-18,2015-12-31,2015-Q4,-11824000000.000000,227533217137.000000,2025-04-29,5334000000.000000,402672000000.000000,359294500000.000000,35992000000.000000,366680000000.000000,0.409000,19.943000,-19218000000.000000,5121000000.000000,5121000000.000000,67046000000.000000,13687000000.000000,0.753000,2.275000,126151000000.000000,7636000000.000000,118515000000.000000,126151000000.000000,4682000000.000000,22016000000.000000,0.000000,0.051000,1.890000,24470000000.000000,46486000000.000000,0.317000,46486000000.000000,24470000000.000000,20350000000.000000,2.370000,2.370000,2.370000,122671000000.000000,104463250000.000000,122671000000.000000,348563217137.000000,14.000000,7.498000,16662000000.000000,2.709000,1.000000,79755000000.000000,0.543000,225278000000.000000,4120000000.000000,250608000000.000000,230506250000.000000,0.000000,1606000000.000000,0.000000,1606000000.000000,279032000000.000000,47816000000.000000,231216000000.000000,-3482000000.000000,-30676000000.000000,-126000000.000000,23926000000.000000,-10200000000.000000,9782000000.000000,-49144000000.000000,1546000000.000000,35880000000.000000,0.000000,13345000000.000000,13345000000.000000,13345000000.000000,0.000000,342000000.000000,0.091000,54970000000.000000,24785000000.000000,30372000000.000000,0.797000,1.855000,17.050000,15.608000,124450000000.000000,0.000000,36.990000,1.550000,1.550000,16532000000.000000,33671000000.000000,146801000000.000000,146801000000.000000,0.000000,0.037000,0.128000,0.106000,0.167000,0.000000,32954000000.000000,1.000000,6151208898.000000,6151208898.000000,,23.865000,177394000000.000000,0.000000,7005000000.000000,58357000000.000000,28.839000
ART,2016-03-31,2016-05-05,2016-03-31,2016-Q1,-6527000000.000000,238483440000.000000,2025-04-29,5180000000.000000,403638000000.000000,383197000000.000000,38001000000.000000,365637000000.000000,0.404000,19.999000,-19821000000.000000,10008000000.000000,10008000000.000000,71027000000.000000,14195000000.000000,0.853000,2.262000,130503000000.000000,8399000000.000000,122104000000.000000,130503000000.000000,4550000000.000000,24001000000.000000,0.000000,0.049000,1.900000,25990000000.000000,49991000000.000000,0.323000,49991000000.000000,25990000000.000000,21562000000.000000,2.360000,2.350000,2.360000,123432000000.000000,113696500000.000000,123432000000.000000,358978440000.000000,14.000000,7.181000,17221000000.000000,2.790000,1.000000,83733000000.000000,0.541000,225086000000.000000,4428000000.000000,254519000000.000000,242870500000.000000,0.000000,1594000000.000000,0.000000,1594000000.000000,279233000000.000000,44528000000.000000,234705000000.000000,5564000000.000000,-11254000000.000000,-45000000.000000,11632000000.000000,-10713000000.000000,387000000.000000,-31865000000.000000,101000000.000000,37042000000.000000,0.000000,13847000000.000000,13847000000.000000,13847000000.000000,0.000000,348000000.000000,0.089000,57435000000.000000,26298000000.000000,26169000000.000000,0.805000,1.932000,17.223000,16.415000,123454000000.000000,0.000000,38.740000,1.541000,1.545000,16070000000.000000,34506000000.000000,154760000000.000000,154760000000.000000,0.000000,0.036000,0.122000,0.107000,0.168000,0.000000,33434000000.000000,1.000000,6156000000.000000,6172000000.000000,,25.075000,178552000000.000000,0.000000,7715000000.000000,59944000000.000000,28.929000
ART,2016-06-30,2016-08-04,2016-06-30,2016-Q2,-10460000000.000000,265028160000.000000,2025-04-29,4814000000.000000,401808000000.000000,402026750000.000000,36005000000.000000,365803000000.000000,0.404000,19.987000,-20592000000.000000,7208000000.000000,7208000000.000000,74362000000.000000,14564000000.000000,0.775000,2.248000,126836000000.000000,9528000000.000000,117308000000.000000,126836000000.000000,4465000000.000000,25881000000.000000,0.000000,0.044000,1.910000,26871000000.000000,52752000000.000000,0.325000,52752000000.000000,26871000000.000000,22117000000.000000,2.330000,2.320000,2.330000,123402000000.000000,122832250000.000000,123402000000.000000,384656160000.000000,14.000000,7.292000,17597000000.000000,2.850000,1.000000,87903000000.000000,0.542000,224716000000.000000,4754000000.000000,250255000000.000000,250322000000.000000,0.000000,1677000000.000000,0.000000,1677000000.000000,277437000000.000000,46465000000.000000,230972000000.000000,-13748000000.000000,-10172000000.000000,-224000000.000000,-6102000000.000000,-11226000000.000000,-20436000000.000000,-31501000000.000000,156000000.000000,38189000000.000000,0.000000,14211000000.000000,14211000000.000000,14211000000.000000,0.000000,353000000.000000,0.088000,60757000000.000000,27146000000.000000,26746000000.000000,0.820000,2.148000,18.650000,18.489000,123537000000.000000,0.000000,43.080000,1.633000,1.639000,15830000000.000000,34950000000.000000,162265000000.000000,162265000000.000000,0.000000,0.035000,0.116000,0.107000,0.166000,0.000000,34876000000.000000,1.000000,6152000000.000000,6174000000.000000,,26.282000,177092000000.000000,0.000000,7906000000.000000,60989000000.000000,28.684000
ART,2016-09-30,2016-11-03,2016-09-30,2016-Q3,-9728000000.000000,224944830000.000000,2025-04-29,4850000000.000000,402975000000.000000,402773250000.000000,37374000000.000000,365601000000.000000,0.407000,20.041000,-21145000000.000000,5895000000.000000,5895000000.000000,75456000000.000000,14904000000.000000,0.793000,2.252000,125221000000.000000,7982000000.000000,117239000000.000000,125221000000.000000,4637000000.000000,26195000000.000000,0.000000,0.052000,1.920000,27401000000.000000,53596000000.000000,0.327000,53596000000.000000,27401000000.000000,22569000000.000000,2.370000,2.360000,2.370000,123611000000.000000,123279000000.000000,123611000000.000000,344270830000.000000,13.000000,6.423000,17242000000.000000,2.795000,1.000000,88608000000.000000,0.540000,223473000000.000000,4832000000.000000,251726000000.000000,251777000000.000000,0.000000,1679000000.000000,0.000000,1679000000.000000,278372000000.000000,47102000000.000000,231270000000.000000,-307000000.000000,-2799000000.000000,-566000000.000000,-626000000.000000,-11739000000.000000,-14408000000.000000,-24286000000.000000,557000000.000000,38387000000.000000,0.000000,14545000000.000000,14545000000.000000,14545000000.000000,0.000000,359000000.000000,0.089000,60977000000.000000,27631000000.000000,28849000000.000000,0.810000,1.820000,15.465000,15.456000,123922000000.000000,0.000000,36.630000,1.371000,1.377000,16855000000.000000,35319000000.000000,164064000000.000000,164064000000.000000,0.000000,0.036000,0.118000,0.109000,0.167000,0.000000,34782000000.000000,1.000000,6141000000.000000,6168000000.000000,,26.599000,179502000000.000000,0.000000,8024000000.000000,62335000000.000000,29.102000
ART,2016-12-31,2017-02-17,2016-12-31,2016-Q4,-12207000000.000000,254752329490.000000,2025-04-29,4961000000.000000,403821000000.000000,403060500000.000000,38369000000.000000,365452000000.000000,0.406000,20.049000,-21516000000.000000,5788000000.000000,5788000000.000000,76884000000.000000,13333000000.000000,0.759000,2.272000,123513000000.000000,9832000000.000000,113681000000.000000,123513000000.000000,4519000000.000000,25847000000.000000,0.000000,0.047000,1.930000,24365000000.000000,50212000000.000000,0.307000,50212000000.000000,24365000000.000000,19455000000.000000,2.100000,2.100000,2.100000,123135000000.000000,123395000000.000000,123135000000.000000,372477329490.000000,15.000000,7.418000,17828000000.000000,2.903000,1.000000,86902000000.000000,0.531000,222067000000.000000,4910000000.000000,248903000000.000000,251350750000.000000,0.000000,1674000000.000000,0.000000,1674000000.000000,279711000000.000000,50576000000.000000,229135000000.000000,667000000.000000,-2313000000.000000,-366000000.000000,-683000000.000000,-11797000000.000000,-14462000000.000000,-24215000000.000000,506000000.000000,39344000000.000000,0.000000,12976000000.000000,12976000000.000000,12976000000.000000,0.000000,357000000.000000,0.079000,62555000000.000000,24347000000.000000,31138000000.000000,0.919000,2.069000,19.633000,19.752000,124899000000.000000,0.000000,41.480000,1.555000,1.555000,16794000000.000000,34734000000.000000,163786000000.000000,163786000000.000000,0.000000,0.032000,0.105000,0.097000,0.149000,0.000000,36347000000.000000,1.000000,6141570142.000000,6141570142.000000,,26.668000,181754000000.000000,0.000000,6479000000.000000,62207000000.000000,29.594000
ART,2017-03-31,2017-05-04,2017-03-31,2017-Q1,-4963000000.000000,233685480000.000000,2025-04-29,5160000000.000000,411903000000.000000,405126750000.000000,45727000000.000000,366176000000.000000,0.401000,20.084000,-22849000000.000000,14884000000.000000,14884000000.000000,76371000000.000000,13022000000.000000,0.902000,2.317000,133249000000.000000,12681000000.000000,120568000000.000000,133249000000.000000,4493000000.000000,25411000000.000000,0.000000,0.051000,1.940000,23799000000.000000,49210000000.000000,0.303000,49210000000.000000,23799000000.000000,18803000000.000000,2.050000,2.050000,2.050000,123841000000.000000,123497250000.000000,123841000000.000000,352050480000.000000,15.000000,7.154000,17813000000.000000,2.889000,1.000000,86245000000.000000,0.530000,221871000000.000000,4996000000.000000,257707000000.000000,252147750000.000000,0.000000,1551000000.000000,0.000000,1551000000.000000,286922000000.000000,50690000000.000000,236232000000.000000,4876000000.000000,-2385000000.000000,-611000000.000000,5021000000.000000,-11859000000.000000,-9708000000.000000,-26078000000.000000,61000000.000000,40662000000.000000,0.000000,12642000000.000000,12642000000.000000,12642000000.000000,0.000000,380000000.000000,0.078000,62165000000.000000,24080000000.000000,27120000000.000000,0.946000,1.887000,18.485000,18.541000,125292000000.000000,0.000000,38.010000,1.437000,1.441000,15078000000.000000,35175000000.000000,162616000000.000000,162616000000.000000,0.000000,0.031000,0.102000,0.094000,0.146000,0.000000,36393000000.000000,1.000000,6148000000.000000,6166000000.000000,,26.373000,190032000000.000000,0.000000,6161000000.000000,64484000000.000000,30.819000
ART,2017-06-30,2017-08-03,2017-06-30,2017-Q2,5535000000.000000,235039200000.000000,2025-04-29,5389000000.000000,420795000000.000000,409873500000.000000,53547000000.000000,367248000000.000000,0.395000,20.231000,-22564000000.000000,25617000000.000000,25617000000.000000,76150000000.000000,13521000000.000000,1.115000,2.365000,143655000000.000000,10831000000.000000,132824000000.000000,143655000000.000000,4371000000.000000,24982000000.000000,0.000000,0.051000,1.950000,24593000000.000000,49575000000.000000,0.306000,49575000000.000000,24593000000.000000,19460000000.000000,2.130000,2.130000,2.130000,124725000000.000000,123828000000.000000,124725000000.000000,353077200000.000000,14.000000,7.122000,16733000000.000000,2.714000,1.000000,85783000000.000000,0.530000,221804000000.000000,5133000000.000000,269017000000.000000,256838250000.000000,0.000000,1615000000.000000,0.000000,1615000000.000000,294937000000.000000,48012000000.000000,246925000000.000000,18409000000.000000,-660000000.000000,-722000000.000000,16301000000.000000,-11919000000.000000,3258000000.000000,-24146000000.000000,6000000.000000,39297000000.000000,0.000000,13149000000.000000,13149000000.000000,13149000000.000000,0.000000,372000000.000000,0.081000,60940000000.000000,24843000000.000000,26471000000.000000,0.915000,1.884000,17.875000,17.972000,126184000000.000000,0.000000,38.280000,1.451000,1.457000,14997000000.000000,36067000000.000000,161933000000.000000,161933000000.000000,0.000000,0.032000,0.106000,0.096000,0.152000,0.000000,35597000000.000000,1.000000,6140000000.000000,6165000000.000000,,26.267000,198991000000.000000,0.000000,6311000000.000000,65257000000.000000,32.278000
ART,2017-09-30,2017-11-03,2017-09-30,2017-Q3,28664000000.000000,204428700000.000000,2025-04-29,5580000000.000000,443865000000.000000,420096000000.000000,76357000000.000000,367508000000.000000,0.383000,20.279000,-21989000000.000000,48499000000.000000,48499000000.000000,76166000000.000000,13226000000.000000,1.601000,2.543000,163279000000.000000,8551000000.000000,154728000000.000000,163279000000.000000,4503000000.000000,24445000000.000000,0.000000,0.059000,1.960000,24832000000.000000,49277000000.000000,0.307000,49277000000.000000,24832000000.000000,19237000000.000000,2.080000,2.080000,2.080000,124960000000.000000,124165250000.000000,124960000000.000000,319208700000.000000,13.000000,6.478000,17427000000.000000,2.828000,1.000000,84545000000.000000,0.526000,221087000000.000000,5595000000.000000,289865000000.000000,266373000000.000000,0.000000,1627000000.000000,0.000000,1627000000.000000,317756000000.000000,47693000000.000000,270063000000.000000,42604000000.000000,1635000000.000000,-493000000.000000,36317000000.000000,-11977000000.000000,24480000000.000000,-21292000000.000000,3000000.000000,39416000000.000000,0.000000,12850000000.000000,12850000000.000000,12850000000.000000,0.000000,376000000.000000,0.080000,59707000000.000000,24838000000.000000,28928000000.000000,0.942000,1.636000,15.909000,16.010000,126462000000.000000,0.000000,33.300000,1.272000,1.277000,15876000000.000000,36074000000.000000,160711000000.000000,160711000000.000000,0.000000,0.031000,0.103000,0.093000,0.155000,0.000000,34901000000.000000,1.000000,6139000000.000000,6162000000.000000,,26.081000,222778000000.000000,0.000000,6387000000.000000,67084000000.000000,36.154000
ART,2017-12-31,2018-02-20,2017-12-31,2017-Q4,-2243000000.000000,225824157600.000000,2025-04-29,7017000000.000000,444097000000.000000,430165000000.000000,79146000000.000000,364951000000.000000,0.373000,22.936000,-20647000000.000000,50498000000.000000,50498000000.000000,77379000000.000000,29847000000.000000,0.972000,2.145000,164346000000.000000,38374000000.000000,125972000000.000000,164346000000.000000,4213000000.000000,24387000000.000000,0.000000,0.054000,1.970000,21042000000.000000,45429000000.000000,0.283000,45429000000.000000,21042000000.000000,14742000000.000000,4.770000,4.760000,4.770000,140861000000.000000,128596750000.000000,140861000000.000000,339672157600.000000,16.000000,7.477000,18504000000.000000,3.013000,1.000000,83167000000.000000,0.518000,219725000000.000000,6300000000.000000,256831000000.000000,268355000000.000000,0.000000,1560000000.000000,0.000000,1560000000.000000,302090000000.000000,81389000000.000000,220701000000.000000,44710000000.000000,1182000000.000000,-430000000.000000,36454000000.000000,-12038000000.000000,25930000000.000000,-20371000000.000000,-4000000.000000,39151000000.000000,0.000000,29450000000.000000,29450000000.000000,29450000000.000000,0.000000,397000000.000000,0.183000,62218000000.000000,20949000000.000000,34470000000.000000,0.413000,1.603000,7.668000,7.709000,125222000000.000000,0.000000,36.770000,1.407000,1.407000,16522000000.000000,50500000000.000000,160546000000.000000,160546000000.000000,0.000000,0.068000,0.229000,0.078000,0.131000,0.000000,34917000000.000000,1.000000,6141532706.000000,6141532706.000000,,26.141000,224372000000.000000,0.000000,-14708000000.000000,44469000000.000000,36.534000
ART,2018-03-31,2018-05-03,2018-03-31,2018-Q1,7925000000.000000,196143540000.000000,2025-04-29,7386000000.000000,446343000000.000000,438775000000.000000,78505000000.000000,367838000000.000000,0.363000,23.684000,-20820000000.000000,48872000000.000000,48872000000.000000,77438000000.000000,31032000000.000000,1.112000,2.051000,163046000000.000000,29322000000.000000,133724000000.000000,163046000000.000000,5081000000.000000,24254000000.000000,0.000000,0.062000,1.980000,22291000000.000000,46545000000.000000,0.292000,46545000000.000000,22291000000.000000,15513000000.000000,4.950000,4.940000,4.950000,145920000000.000000,134116500000.000000,145920000000.000000,310317540000.000000,14.000000,6.667000,18060000000.000000,2.931000,1.000000,81781000000.000000,0.514000,219117000000.000000,6778000000.000000,270820000000.000000,271633250000.000000,0.000000,2623000000.000000,0.000000,2623000000.000000,299267000000.000000,70580000000.000000,228687000000.000000,33907000000.000000,420000000.000000,-408000000.000000,24722000000.000000,-12099000000.000000,16379000000.000000,-21352000000.000000,-120000000.000000,38880000000.000000,0.000000,30643000000.000000,30643000000.000000,30643000000.000000,0.000000,389000000.000000,0.192000,61495000000.000000,20286000000.000000,31569000000.000000,0.400000,1.344000,6.401000,6.453000,125124000000.000000,0.000000,31.940000,1.232000,1.236000,16290000000.000000,55067000000.000000,159219000000.000000,159219000000.000000,0.000000,0.070000,0.228000,0.082000,0.140000,0.000000,34327000000.000000,1.000000,6141000000.000000,6161000000.000000,,25.843000,227226000000.000000,0.000000,-15130000000.000000,47264000000.000000,36.881000
ART,2018-06-30,2018-08-02,2018-06-30,2018-Q2,-13307000000.000000,231294700000.000000,2025-04-29,5716000000.000000,534691000000.000000,467249000000.000000,55286000000.000000,479405000000.000000,0.339000,28.811000,-20856000000.000000,13523000000.000000,13523000000.000000,76642000000.000000,32266000000.000000,0.806000,1.916000,190167000000.000000,21672000000.000000,168495000000.000000,190167000000.000000,5914000000.000000,24485000000.000000,0.000000,0.062000,1.990000,23612000000.000000,48097000000.000000,0.304000,48097000000.000000,23612000000.000000,16206000000.000000,5.130000,5.120000,5.130000,182980000000.000000,148680250000.000000,182980000000.000000,407938700000.000000,17.000000,8.482000,19311000000.000000,3.041000,1.000000,81726000000.000000,0.516000,294649000000.000000,7406000000.000000,348093000000.000000,291402250000.000000,5849000000.000000,8007000000.000000,0.000000,8007000000.000000,350561000000.000000,68593000000.000000,281968000000.000000,-12298000000.000000,-41284000000.000000,-548000000.000000,22556000000.000000,-12161000000.000000,10593000000.000000,-63058000000.000000,-222000000.000000,40167000000.000000,0.000000,31860000000.000000,31860000000.000000,31860000000.000000,0.000000,406000000.000000,0.201000,62297000000.000000,19429000000.000000,35488000000.000000,0.388000,1.264000,7.260000,6.209000,146959000000.000000,0.000000,31.850000,1.460000,1.277000,25492000000.000000,56555000000.000000,158368000000.000000,158368000000.000000,0.000000,0.068000,0.214000,0.081000,0.149000,0.000000,34898000000.000000,1.000000,7262000000.000000,6351000000.000000,,24.936000,240042000000.000000,0.000000,-15654000000.000000,61554000000.000000,37.796000
ART,2018-09-30,2018-11-02,2018-09-30,2018-Q3,-12313000000.000000,222124560000.000000,2025-04-29,5383000000.000000,534870000000.000000,490000250000.000000,53107000000.000000,481763000000.000000,0.336000,25.240000,-21586000000.000000,8657000000.000000,8657000000.000000,78442000000.000000,33959000000.000000,0.812000,1.903000,183418000000.000000,14905000000.000000,168513000000.000000,183418000000.000000,6045000000.000000,26609000000.000000,0.000000,0.066000,2.000000,25206000000.000000,51815000000.000000,0.315000,51815000000.000000,25206000000.000000,17435000000.000000,5.290000,5.280000,5.290000,183848000000.000000,163402250000.000000,183848000000.000000,396885560000.000000,16.000000,7.660000,19813000000.000000,2.720000,1.000000,85997000000.000000,0.523000,295614000000.000000,7771000000.000000,348597000000.000000,306085250000.000000,7221000000.000000,6128000000.000000,0.000000,6128000000.000000,349899000000.000000,65420000000.000000,284479000000.000000,-40145000000.000000,-42682000000.000000,-214000000.000000,-2546000000.000000,-12783000000.000000,-16452000000.000000,-65092000000.000000,-236000000.000000,41399000000.000000,0.000000,33549000000.000000,33549000000.000000,33549000000.000000,0.000000,410000000.000000,0.204000,65702000000.000000,20295000000.000000,39375000000.000000,0.378000,1.208000,6.621000,5.769000,147310000000.000000,0.000000,30.520000,1.351000,1.352000,26312000000.000000,57624000000.000000,164439000000.000000,164439000000.000000,0.000000,0.068000,0.205000,0.082000,0.153000,0.000000,36179000000.000000,1.000000,7278000000.000000,7284000000.000000,,22.575000,239256000000.000000,0.000000,-16114000000.000000,61955000000.000000,32.847000
ART,2018-12-31,2019-02-20,2018-12-31,2018-Q4,-12993000000.000000,224729597891.000000,2025-04-29,4249000000.000000,531864000000.000000,511942000000.000000,51427000000.000000,480437000000.000000,0.334000,25.271000,-20758000000.000000,5204000000.000000,5204000000.000000,79419000000.000000,19953000000.000000,0.798000,1.836000,176505000000.000000,10255000000.000000,166250000000.000000,176505000000.000000,5948000000.000000,28430000000.000000,0.000000,0.065000,2.010000,32247000000.000000,60677000000.000000,0.355000,60677000000.000000,32247000000.000000,24290000000.000000,2.850000,2.850000,2.850000,184089000000.000000,174209250000.000000,184089000000.000000,396030597891.000000,12.000000,6.527000,22844000000.000000,3.136000,1.000000,91337000000.000000,0.535000,293128000000.000000,7957000000.000000,345617000000.000000,328281750000.000000,7713000000.000000,6245000000.000000,0.000000,6245000000.000000,337980000000.000000,64420000000.000000,273560000000.000000,-45532000000.000000,-41711000000.000000,136000000.000000,-8789000000.000000,-13410000000.000000,-25989000000.000000,-63145000000.000000,-185000000.000000,43602000000.000000,0.000000,19370000000.000000,19370000000.000000,19370000000.000000,0.000000,583000000.000000,0.113000,65241000000.000000,26096000000.000000,43184000000.000000,0.705000,1.221000,11.602000,10.825000,148542000000.000000,0.000000,30.850000,1.316000,1.316000,26472000000.000000,58753000000.000000,170756000000.000000,170756000000.000000,0.000000,0.038000,0.111000,0.098000,0.189000,0.000000,36765000000.000000,1.000000,7284589883.000000,7284589883.000000,,23.441000,238736000000.000000,0.000000,4920000000.000000,59038000000.000000,32.773000
ART,2019-03-31,2019-05-06,2019-03-31,2019-Q1,-18180000000.000000,223245820000.000000,2025-04-29,4345000000.000000,548384000000.000000,537452250000.000000,46472000000.000000,501912000000.000000,0.330000,25.313000,-19922000000.000000,6516000000.000000,6516000000.000000,82212000000.000000,19542000000.000000,0.719000,1.909000,193733000000.000000,11538000000.000000,182195000000.000000,193733000000.000000,5956000000.000000,29642000000.000000,0.000000,0.066000,2.020000,31692000000.000000,61334000000.000000,0.345000,61334000000.000000,31692000000.000000,23365000000.000000,2.680000,2.680000,2.680000,185112000000.000000,184007250000.000000,185112000000.000000,410462820000.000000,13.000000,6.692000,25785000000.000000,3.526000,1.000000,95333000000.000000,0.537000,292385000000.000000,8327000000.000000,378564000000.000000,355217750000.000000,10270000000.000000,6230000000.000000,0.000000,6230000000.000000,353433000000.000000,64652000000.000000,288781000000.000000,-42595000000.000000,-41011000000.000000,248000000.000000,-7237000000.000000,-14054000000.000000,-26908000000.000000,-61394000000.000000,-70000000.000000,45707000000.000000,0.000000,18804000000.000000,18804000000.000000,18804000000.000000,0.000000,738000000.000000,0.106000,68205000000.000000,27128000000.000000,42306000000.000000,0.754000,1.206000,11.872000,11.414000,168909000000.000000,0.000000,30.590000,1.257000,1.260000,23863000000.000000,59424000000.000000,177545000000.000000,177545000000.000000,0.000000,0.035000,0.102000,0.089000,0.179000,0.000000,38517000000.000000,1.000000,7298000000.000000,7313000000.000000,,24.278000,255999000000.000000,0.000000,4561000000.000000,60337000000.000000,35.006000
ART,2019-03-31,2019-05-07,2019-03-31,2019-Q1,-18180000000.000000,222807940000.000000,2025-04-29,4345000000.000000,548384000000.000000,537452250000.000000,46472000000.000000,501912000000.000000,0.330000,25.313000,-19922000000.000000,6516000000.000000,6516000000.000000,82212000000.000000,19542000000.000000,0.719000,1.909000,193733000000.000000,11538000000.000000,182195000000.000000,193733000000.000000,5956000000.000000,29642000000.000000,0.000000,0.066000,2.020000,31692000000.000000,61334000000.000000,0.345000,61334000000.000000,31692000000.000000,23365000000.000000,2.680000,2.680000,2.680000,185112000000.000000,184007250000.000000,185112000000.000000,410024940000.000000,13.000000,6.685000,25785000000.000000,3.526000,1.000000,95333000000.000000,0.537000,292385000000.000000,8327000000.000000,378564000000.000000,355217750000.000000,10270000000.000000,6230000000.000000,0.000000,6230000000.000000,353433000000.000000,64652000000.000000,288781000000.000000,-42595000000.000000,-41011000000.000000,248000000.000000,-7237000000.000000,-14054000000.000000,-26908000000.000000,-61394000000.000000,-70000000.000000,45707000000.000000,0.000000,18804000000.000000,18804000000.000000,18804000000.000000,0.000000,738000000.000000,0.106000,68205000000.000000,27128000000.000000,42306000000.000000,0.754000,1.204000,11.849000,11.392000,168909000000.000000,0.000000,30.530000,1.255000,1.258000,23863000000.000000,59424000000.000000,177545000000.000000,177545000000.000000,0.000000,0.035000,0.102000,0.089000,0.179000,0.000000,38517000000.000000,1.000000,7298000000.000000,7313000000.000000,,24.278000,255999000000.000000,0.000000,4561000000.000000,60337000000.000000,35.006000
ART,2019-06-30,2019-08-05,2019-06-30,2019-Q2,-19158000000.000000,244711430000.000000,2025-04-29,3289000000.000000,546914000000.000000,540508000000.000000,47218000000.000000,499696000000.000000,0.340000,25.161000,-20341000000.000000,8423000000.000000,8423000000.000000,85266000000.000000,18268000000.000000,0.711000,1.915000,191130000000.000000,12772000000.000000,178358000000.000000,191130000000.000000,5734000000.000000,30365000000.000000,0.000000,0.061000,2.030000,29966000000.000000,60331000000.000000,0.329000,60331000000.000000,29966000000.000000,21513000000.000000,2.380000,2.380000,2.380000,184257000000.000000,184326500000.000000,184257000000.000000,427418430000.000000,14.000000,7.085000,29421000000.000000,4.018000,1.000000,98250000000.000000,0.535000,291159000000.000000,8453000000.000000,372086000000.000000,361216000000.000000,10685000000.000000,4133000000.000000,0.000000,4133000000.000000,352833000000.000000,66376000000.000000,286457000000.000000,-5099000000.000000,2439000000.000000,903000000.000000,-18942000000.000000,-14702000000.000000,-37052000000.000000,-17809000000.000000,429000000.000000,49762000000.000000,0.000000,17385000000.000000,17385000000.000000,17385000000.000000,0.000000,883000000.000000,0.095000,70088000000.000000,28162000000.000000,42082000000.000000,0.853000,1.328000,14.076000,14.071000,170986000000.000000,0.000000,33.490000,1.333000,1.336000,22381000000.000000,59389000000.000000,183516000000.000000,183516000000.000000,0.000000,0.032000,0.094000,0.083000,0.163000,0.000000,39677000000.000000,1.000000,7307000000.000000,7323000000.000000,,25.060000,255755000000.000000,0.000000,4128000000.000000,60775000000.000000,34.925000
ART,2019-09-30,2019-11-05,2019-09-30,2019-Q3,-17431000000.000000,286136850000.000000,2025-04-29,2137000000.000000,548796000000.000000,543989500000.000000,50695000000.000000,498101000000.000000,0.335000,24.983000,-19746000000.000000,6588000000.000000,6588000000.000000,84714000000.000000,17401000000.000000,0.744000,1.936000,187464000000.000000,11608000000.000000,175856000000.000000,187464000000.000000,6097000000.000000,29148000000.000000,0.000000,0.052000,2.040000,28526000000.000000,57674000000.000000,0.316000,57674000000.000000,28526000000.000000,20041000000.000000,2.230000,2.230000,2.230000,183049000000.000000,184126750000.000000,183049000000.000000,467012850000.000000,16.000000,8.097000,29059000000.000000,3.966000,1.000000,97651000000.000000,0.535000,288047000000.000000,8485000000.000000,373499000000.000000,367441500000.000000,12014000000.000000,4137000000.000000,0.000000,4137000000.000000,354469000000.000000,68126000000.000000,286343000000.000000,-2006000000.000000,3261000000.000000,521000000.000000,-18888000000.000000,-14797000000.000000,-34651000000.000000,-16160000000.000000,572000000.000000,48805000000.000000,0.000000,16367000000.000000,16367000000.000000,16367000000.000000,0.000000,1034000000.000000,0.090000,68857000000.000000,28794000000.000000,43955000000.000000,0.915000,1.563000,17.483000,17.565000,171599000000.000000,0.000000,39.170000,1.569000,1.574000,22921000000.000000,59347000000.000000,182365000000.000000,182365000000.000000,0.000000,0.030000,0.089000,0.078000,0.156000,0.000000,39663000000.000000,1.000000,7305000000.000000,7327000000.000000,,24.889000,260749000000.000000,0.000000,3674000000.000000,60527000000.000000,35.587000
ART,2019-12-31,2020-02-20,2019-12-31,2019-Q4,-14150000000.000000,276945053943.000000,2025-04-29,5470000000.000000,551669000000.000000,548940750000.000000,54761000000.000000,496908000000.000000,0.330000,25.683000,-19435000000.000000,12130000000.000000,12130000000.000000,84141000000.000000,14975000000.000000,0.795000,1.898000,184951000000.000000,11838000000.000000,173113000000.000000,184951000000.000000,6124000000.000000,28217000000.000000,0.000000,0.053000,2.050000,25818000000.000000,54035000000.000000,0.298000,54035000000.000000,25818000000.000000,17396000000.000000,1.900000,1.890000,1.900000,184221000000.000000,184159750000.000000,184221000000.000000,449766053943.000000,17.000000,8.324000,29233000000.000000,4.075000,1.000000,97052000000.000000,0.536000,288513000000.000000,8422000000.000000,367066000000.000000,372803750000.000000,12434000000.000000,3695000000.000000,0.000000,3695000000.000000,349735000000.000000,68911000000.000000,280824000000.000000,6895000000.000000,2510000000.000000,-1786000000.000000,-16771000000.000000,-14888000000.000000,-25083000000.000000,-16690000000.000000,435000000.000000,48668000000.000000,0.000000,13903000000.000000,13900000000.000000,13900000000.000000,0.000000,1072000000.000000,0.077000,69097000000.000000,27955000000.000000,45956000000.000000,1.079000,1.503000,19.924000,20.321000,169512000000.000000,3000000.000000,38.610000,1.528000,1.528000,22636000000.000000,57936000000.000000,181193000000.000000,181193000000.000000,0.000000,0.025000,0.075000,0.069000,0.142000,0.000000,39422000000.000000,1.000000,7172884070.000000,7172884070.000000,,25.261000,263156000000.000000,0.000000,3493000000.000000,60714000000.000000,36.688000
ART,2020-03-31,2020-05-06,2020-03-31,2020-Q1,-17000000000.000000,205128750000.000000,2025-04-29,-385000000.000000,545354000000.000000,548183250000.000000,52704000000.000000,492650000000.000000,0.327000,24.736000,-19252000000.000000,9955000000.000000,9955000000.000000,82683000000.000000,15590000000.000000,0.756000,1.968000,185853000000.000000,17067000000.000000,168786000000.000000,185853000000.000000,5960000000.000000,28233000000.000000,0.000000,0.072000,2.060000,26488000000.000000,54721000000.000000,0.305000,54721000000.000000,26488000000.000000,18189000000.000000,1.970000,1.960000,1.970000,177779000000.000000,182326500000.000000,177779000000.000000,381026750000.000000,14.000000,6.963000,27230000000.000000,3.789000,1.000000,96462000000.000000,0.538000,285124000000.000000,8299000000.000000,366424000000.000000,369768750000.000000,13276000000.000000,3606000000.000000,0.000000,3606000000.000000,349905000000.000000,69704000000.000000,280201000000.000000,3410000000.000000,2678000000.000000,-7169000000.000000,-13701000000.000000,-14911000000.000000,-26761000000.000000,-16311000000.000000,430000000.000000,46482000000.000000,0.000000,14417000000.000000,14382000000.000000,14382000000.000000,0.000000,1173000000.000000,0.080000,68254000000.000000,28208000000.000000,40771000000.000000,1.046000,1.154000,14.263000,14.614000,167815000000.000000,35000000.000000,28.790000,1.145000,1.155000,19908000000.000000,58534000000.000000,179145000000.000000,179145000000.000000,0.000000,0.026000,0.079000,0.072000,0.148000,0.000000,38563000000.000000,1.000000,7125000000.000000,7187000000.000000,,24.926000,260230000000.000000,0.000000,3772000000.000000,60660000000.000000,36.208000
ART,2020-06-30,2020-08-05,2020-06-30,2020-Q2,-12914000000.000000,212681250000.000000,2025-04-29,129000000.000000,547898000000.000000,548429250000.000000,56555000000.000000,491343000000.000000,0.319000,24.618000,-18265000000.000000,16941000000.000000,16941000000.000000,80154000000.000000,13179000000.000000,0.814000,2.015000,191194000000.000000,15576000000.000000,175618000000.000000,191194000000.000000,5723000000.000000,28417000000.000000,0.000000,0.069000,2.070000,23784000000.000000,52201000000.000000,0.298000,52201000000.000000,23784000000.000000,15593000000.000000,1.630000,1.620000,1.630000,175896000000.000000,180236250000.000000,175896000000.000000,386934250000.000000,16.000000,7.412000,25992000000.000000,3.638000,1.000000,94984000000.000000,0.542000,284623000000.000000,8191000000.000000,368059000000.000000,368762000000.000000,14514000000.000000,2302000000.000000,0.000000,2302000000.000000,354445000000.000000,69469000000.000000,284976000000.000000,8377000000.000000,-1342000000.000000,-7397000000.000000,-5330000000.000000,-14926000000.000000,-16211000000.000000,-19669000000.000000,86000000.000000,44257000000.000000,0.000000,11985000000.000000,11898000000.000000,11898000000.000000,0.000000,1194000000.000000,0.068000,70744000000.000000,24240000000.000000,41881000000.000000,1.270000,1.209000,17.875000,18.313000,168341000000.000000,87000000.000000,29.850000,1.214000,1.218000,19127000000.000000,56045000000.000000,175138000000.000000,175138000000.000000,0.000000,0.022000,0.066000,0.064000,0.136000,0.000000,38550000000.000000,1.000000,7125000000.000000,7145000000.000000,,24.512000,263275000000.000000,0.000000,3608000000.000000,60935000000.000000,36.847000
ART,2020-09-30,2020-11-05,2020-09-30,2020-Q3,-9594000000.000000,196036260000.000000,2025-04-29,649000000.000000,538553000000.000000,545868500000.000000,49971000000.000000,488582000000.000000,0.317000,24.563000,-17035000000.000000,9758000000.000000,9758000000.000000,79839000000.000000,12398000000.000000,0.839000,1.957000,180934000000.000000,5898000000.000000,175036000000.000000,180934000000.000000,5862000000.000000,28498000000.000000,0.000000,0.076000,2.080000,22618000000.000000,51116000000.000000,0.296000,51116000000.000000,22618000000.000000,14538000000.000000,1.520000,1.510000,1.520000,175553000000.000000,178362250000.000000,175553000000.000000,367212260000.000000,16.000000,7.184000,27956000000.000000,3.912000,1.000000,93051000000.000000,0.538000,283183000000.000000,8080000000.000000,366981000000.000000,367132500000.000000,13948000000.000000,2325000000.000000,0.000000,2325000000.000000,343497000000.000000,59565000000.000000,283932000000.000000,3067000000.000000,-695000000.000000,-7348000000.000000,-9972000000.000000,-14941000000.000000,-24510000000.000000,-17414000000.000000,356000000.000000,44991000000.000000,0.000000,11101000000.000000,10960000000.000000,10960000000.000000,0.000000,1297000000.000000,0.063000,70580000000.000000,22471000000.000000,42728000000.000000,1.368000,1.117000,17.887000,18.099000,167517000000.000000,141000000.000000,27.510000,1.134000,1.137000,19379000000.000000,55094000000.000000,172890000000.000000,172890000000.000000,0.000000,0.020000,0.061000,0.062000,0.131000,0.000000,38232000000.000000,1.000000,7126000000.000000,7147000000.000000,,24.191000,255370000000.000000,0.000000,3437000000.000000,61784000000.000000,35.731000
ART,2020-12-31,2021-02-25,2020-12-31,2020-Q4,-11430000000.000000,204182388890.000000,2025-04-29,4330000000.000000,525761000000.000000,539391500000.000000,52008000000.000000,473753000000.000000,0.318000,22.669000,-15675000000.000000,9740000000.000000,9740000000.000000,79920000000.000000,-3821000000.000000,0.820000,2.143000,179447000000.000000,3470000000.000000,175977000000.000000,179447000000.000000,6176000000.000000,28516000000.000000,0.000000,0.073000,2.080000,3714000000.000000,32230000000.000000,0.188000,32230000000.000000,3714000000.000000,-4211000000.000000,-0.750000,-0.750000,-0.750000,161673000000.000000,172725250000.000000,161673000000.000000,373889388890.000000,101.000000,11.601000,27455000000.000000,3.850000,1.000000,91840000000.000000,0.535000,267782000000.000000,7925000000.000000,364248000000.000000,366428000000.000000,14752000000.000000,1780000000.000000,0.000000,1780000000.000000,346521000000.000000,63438000000.000000,283083000000.000000,-2425000000.000000,1630000000.000000,-5393000000.000000,-10986000000.000000,-14956000000.000000,-32007000000.000000,-13548000000.000000,497000000.000000,43130000000.000000,0.000000,-5176000000.000000,-5369000000.000000,-5369000000.000000,0.000000,1355000000.000000,-0.031000,85435000000.000000,6405000000.000000,49032000000.000000,-2.773000,1.263000,-38.030000,-38.173000,165822000000.000000,193000000.000000,28.630000,1.189000,1.189000,20215000000.000000,37457000000.000000,171760000000.000000,171760000000.000000,0.000000,-0.010000,-0.031000,0.010000,0.022000,0.000000,38039000000.000000,1.000000,7131763496.000000,7131763496.000000,,24.084000,257979000000.000000,0.000000,965000000.000000,61491000000.000000,36.173000
ART,2021-03-31,2021-05-06,2021-03-31,2021-Q1,-13854000000.000000,231407400000.000000,2025-04-29,4199000000.000000,546985000000.000000,539799250000.000000,62754000000.000000,484231000000.000000,0.320000,23.110000,-14770000000.000000,11342000000.000000,11342000000.000000,81819000000.000000,-842000000.000000,0.819000,2.199000,201965000000.000000,19505000000.000000,182460000000.000000,201965000000.000000,5029000000.000000,27103000000.000000,0.000000,0.064000,2.080000,7326000000.000000,34429000000.000000,0.199000,34429000000.000000,7326000000.000000,-451000000.000000,-0.340000,-0.340000,-0.340000,165488000000.000000,169652500000.000000,165488000000.000000,422030400000.000000,58.000000,12.258000,29421000000.000000,4.109000,1.000000,91101000000.000000,0.527000,259542000000.000000,7777000000.000000,401458000000.000000,375186500000.000000,18973000000.000000,1805000000.000000,0.000000,1805000000.000000,363906000000.000000,76608000000.000000,287298000000.000000,1388000000.000000,-21135000000.000000,-101000000.000000,9415000000.000000,-14960000000.000000,-7425000000.000000,-35378000000.000000,499000000.000000,44191000000.000000,0.000000,-2236000000.000000,-2447000000.000000,-2447000000.000000,0.000000,1394000000.000000,-0.014000,84521000000.000000,6580000000.000000,48245000000.000000,-6.118000,1.398000,-94.568000,-95.324000,162356000000.000000,211000000.000000,32.410000,1.338000,1.342000,16971000000.000000,41154000000.000000,172920000000.000000,172920000000.000000,0.000000,-0.005000,-0.014000,0.020000,0.042000,0.000000,38661000000.000000,1.000000,7140000000.000000,7161000000.000000,,24.147000,287443000000.000000,0.000000,1785000000.000000,61886000000.000000,40.140000
ART,2021-06-30,2021-08-05,2021-06-30,2021-Q2,-19257000000.000000,199491600000.000000,2025-04-29,3119000000.000000,544710000000.000000,539002250000.000000,62869000000.000000,481841000000.000000,0.327000,22.642000,-14295000000.000000,11869000000.000000,11869000000.000000,84935000000.000000,-531000000.000000,0.766000,2.248000,201420000000.000000,24016000000.000000,177404000000.000000,201420000000.000000,4932000000.000000,25579000000.000000,0.000000,0.074000,2.080000,7074000000.000000,32653000000.000000,0.186000,32653000000.000000,7074000000.000000,-346000000.000000,-0.300000,-0.300000,-0.300000,162296000000.000000,166252500000.000000,162296000000.000000,389042600000.000000,55.000000,11.914000,28747000000.000000,4.010000,1.000000,91080000000.000000,0.517000,257600000000.000000,7420000000.000000,394535000000.000000,381805500000.000000,19081000000.000000,1853000000.000000,0.000000,1853000000.000000,364864000000.000000,82126000000.000000,282738000000.000000,-5055000000.000000,-20011000000.000000,-97000000.000000,4236000000.000000,-15053000000.000000,-14196000000.000000,-33901000000.000000,450000000.000000,43042000000.000000,0.000000,-1947000000.000000,-2162000000.000000,-2162000000.000000,0.000000,1416000000.000000,-0.012000,84763000000.000000,6317000000.000000,49429000000.000000,-6.933000,1.229000,-92.272000,-93.133000,160856000000.000000,215000000.000000,27.940000,1.133000,1.138000,15771000000.000000,38947000000.000000,176015000000.000000,176015000000.000000,0.000000,-0.004000,-0.013000,0.019000,0.040000,0.000000,38191000000.000000,1.000000,7140000000.000000,7168000000.000000,,24.556000,287110000000.000000,0.000000,1601000000.000000,61732000000.000000,40.054000
ART,2021-09-30,2021-11-04,2021-09-30,2021-Q3,-24371000000.000000,177096800000.000000,2025-04-29,2343000000.000000,547107000000.000000,541140750000.000000,57230000000.000000,489877000000.000000,0.321000,22.838000,-15088000000.000000,21270000000.000000,21270000000.000000,82922000000.000000,2574000000.000000,0.701000,2.234000,202109000000.000000,24935000000.000000,177174000000.000000,202109000000.000000,4991000000.000000,24168000000.000000,0.000000,0.084000,2.080000,10644000000.000000,34812000000.000000,0.201000,34812000000.000000,10644000000.000000,3529000000.000000,0.130000,0.130000,0.130000,163771000000.000000,163307000000.000000,163771000000.000000,357935800000.000000,34.000000,10.282000,25697000000.000000,3.583000,1.000000,90675000000.000000,0.522000,280521000000.000000,7115000000.000000,365824000000.000000,381516250000.000000,20899000000.000000,8629000000.000000,0.000000,8629000000.000000,365804000000.000000,81601000000.000000,284203000000.000000,11556000000.000000,-11930000000.000000,-100000000.000000,16224000000.000000,-15060000000.000000,-2074000000.000000,-27155000000.000000,53000000.000000,40785000000.000000,0.000000,1155000000.000000,944000000.000000,944000000.000000,0.000000,1419000000.000000,0.005000,83381000000.000000,7294000000.000000,47926000000.000000,16.000000,1.081000,187.603000,190.769000,161168000000.000000,211000000.000000,24.800000,1.020000,1.024000,16304000000.000000,41091000000.000000,173597000000.000000,173597000000.000000,0.000000,0.002000,0.006000,0.028000,0.061000,0.000000,38132000000.000000,1.000000,7141000000.000000,7171000000.000000,,24.208000,266586000000.000000,0.000000,2374000000.000000,63405000000.000000,37.176000
ART,2021-12-31,2022-02-16,2021-12-31,2021-Q4,-25591000000.000000,171000852220.000000,2025-04-29,3529000000.000000,551622000000.000000,547606000000.000000,59997000000.000000,491625000000.000000,0.308000,23.286000,-16527000000.000000,21169000000.000000,21169000000.000000,79807000000.000000,21479000000.000000,0.701000,2.211000,199956000000.000000,25875000000.000000,174081000000.000000,199956000000.000000,5303000000.000000,22862000000.000000,0.000000,0.087000,2.080000,32433000000.000000,55295000000.000000,0.327000,55295000000.000000,32433000000.000000,25549000000.000000,2.770000,2.760000,2.770000,166332000000.000000,164471750000.000000,166332000000.000000,349787852220.000000,11.000000,6.326000,25430000000.000000,3.560000,1.000000,89057000000.000000,0.527000,280774000000.000000,6884000000.000000,364047000000.000000,381466000000.000000,22447000000.000000,7274000000.000000,0.000000,7274000000.000000,367767000000.000000,85588000000.000000,282179000000.000000,11446000000.000000,-15390000000.000000,-106000000.000000,19196000000.000000,-15068000000.000000,1578000000.000000,-32089000000.000000,0.000000,41957000000.000000,0.000000,20081000000.000000,19874000000.000000,19874000000.000000,0.000000,1398000000.000000,0.118000,65710000000.000000,23347000000.000000,50661000000.000000,0.751000,1.028000,8.604000,8.643000,162026000000.000000,207000000.000000,23.940000,1.013000,1.013000,17571000000.000000,42350000000.000000,168864000000.000000,168864000000.000000,0.000000,0.036000,0.121000,0.085000,0.192000,0.000000,37944000000.000000,1.000000,7142892741.000000,7142892741.000000,,23.641000,270848000000.000000,0.000000,5468000000.000000,65226000000.000000,37.919000
ART,2022-03-31,2022-05-03,2022-03-31,2022-Q1,-5638000000.000000,138383470000.000000,2025-04-29,3290000000.000000,577195000000.000000,555158500000.000000,76856000000.000000,500339000000.000000,0.294000,23.530000,-17242000000.000000,38565000000.000000,38565000000.000000,76277000000.000000,18701000000.000000,0.932000,2.311000,229522000000.000000,28380000000.000000,201142000000.000000,229522000000.000000,5183000000.000000,22592000000.000000,0.000000,0.095000,1.838000,28866000000.000000,51458000000.000000,0.316000,51458000000.000000,28866000000.000000,22130000000.000000,2.390000,2.370000,2.390000,169036000000.000000,165358750000.000000,169036000000.000000,329340470000.000000,11.000000,6.400000,20520000000.000000,2.856000,1.000000,86753000000.000000,0.532000,280587000000.000000,6736000000.000000,405071000000.000000,382369250000.000000,22956000000.000000,5943000000.000000,0.000000,5943000000.000000,390639000000.000000,82494000000.000000,308145000000.000000,27220000000.000000,-493000000.000000,-164000000.000000,25624000000.000000,-15076000000.000000,7346000000.000000,-17888000000.000000,4000000.000000,37762000000.000000,0.000000,17341000000.000000,17136000000.000000,17136000000.000000,0.000000,1360000000.000000,0.105000,65426000000.000000,21327000000.000000,46845000000.000000,0.769000,0.819000,8.076000,8.088000,162586000000.000000,205000000.000000,19.330000,0.849000,0.852000,17218000000.000000,45041000000.000000,163030000000.000000,163030000000.000000,0.000000,0.031000,0.104000,0.075000,0.177000,0.000000,37930000000.000000,1.000000,7159000000.000000,7184000000.000000,,22.693000,296608000000.000000,0.000000,4789000000.000000,65963000000.000000,41.287000
ART,2022-06-30,2022-08-04,2022-06-30,2022-Q2,-14704000000.000000,130192020000.000000,2025-04-29,2307000000.000000,426433000000.000000,525589250000.000000,34485000000.000000,391948000000.000000,0.283000,16.424000,-18011000000.000000,4018000000.000000,4018000000.000000,67519000000.000000,21364000000.000000,0.701000,2.472000,155325000000.000000,6829000000.000000,148496000000.000000,155325000000.000000,3603000000.000000,20204000000.000000,0.000000,0.087000,1.595000,32029000000.000000,52233000000.000000,0.351000,52233000000.000000,32029000000.000000,25475000000.000000,2.750000,2.720000,2.750000,117746000000.000000,154221250000.000000,117746000000.000000,281499020000.000000,9.000000,5.389000,14748000000.000000,2.057000,1.000000,81109000000.000000,0.546000,221674000000.000000,6554000000.000000,306877000000.000000,360454750000.000000,3241000000.000000,4523000000.000000,0.000000,4523000000.000000,291126000000.000000,49189000000.000000,241937000000.000000,-7859000000.000000,-766000000.000000,-850000000.000000,-42052000000.000000,-13332000000.000000,-22721000000.000000,-17897000000.000000,0.000000,32759000000.000000,0.000000,19928000000.000000,19727000000.000000,19727000000.000000,214000000.000000,1436000000.000000,0.133000,58095000000.000000,23014000000.000000,36659000000.000000,0.580000,1.106000,6.600000,6.644000,146943000000.000000,201000000.000000,18.270000,0.876000,0.881000,11377000000.000000,2128000000.000000,148628000000.000000,148628000000.000000,0.000000,0.038000,0.128000,0.089000,0.215000,0.000000,35834000000.000000,1.000000,7126000000.000000,7169000000.000000,,20.732000,204759000000.000000,0.000000,5547000000.000000,55301000000.000000,28.562000
ART,2022-09-30,2022-11-03,2022-09-30,2022-Q3,-19962000000.000000,129497590000.000000,2025-04-29,2873000000.000000,426463000000.000000,495428250000.000000,32295000000.000000,394168000000.000000,0.280000,17.113000,-19228000000.000000,2423000000.000000,2423000000.000000,61894000000.000000,21490000000.000000,0.618000,2.340000,152492000000.000000,9897000000.000000,142595000000.000000,152492000000.000000,3705000000.000000,19099000000.000000,0.000000,0.074000,1.353000,31259000000.000000,50358000000.000000,0.363000,50358000000.000000,31259000000.000000,24952000000.000000,2.760000,2.700000,2.760000,122406000000.000000,143880000000.000000,122406000000.000000,279566590000.000000,9.000000,5.552000,13736000000.000000,1.920000,1.000000,76855000000.000000,0.554000,221943000000.000000,6307000000.000000,302332000000.000000,344581750000.000000,3935000000.000000,3964000000.000000,0.000000,3964000000.000000,286485000000.000000,52257000000.000000,234228000000.000000,-18911000000.000000,-8648000000.000000,-851000000.000000,-44228000000.000000,-11594000000.000000,-25137000000.000000,-26738000000.000000,0.000000,32964000000.000000,0.000000,20036000000.000000,19836000000.000000,19836000000.000000,161000000.000000,1454000000.000000,0.143000,54938000000.000000,21917000000.000000,36642000000.000000,0.490000,1.058000,6.528000,6.583000,148827000000.000000,200000000.000000,18.170000,0.933000,0.937000,11384000000.000000,6127000000.000000,138749000000.000000,138749000000.000000,0.000000,0.040000,0.138000,0.091000,0.225000,0.000000,33829000000.000000,1.000000,7127000000.000000,7153000000.000000,,19.397000,204520000000.000000,0.000000,4916000000.000000,56055000000.000000,28.592000
ART,2022-12-31,2023-02-13,2022-12-31,2022-Q4,-23065000000.000000,137321302421.000000,2025-04-29,2766000000.000000,402853000000.000000,458236000000.000000,33108000000.000000,369745000000.000000,0.263000,13.675000,-19626000000.000000,3701000000.000000,3701000000.000000,50848000000.000000,-7055000000.000000,0.589000,3.040000,154679000000.000000,7597000000.000000,147082000000.000000,154679000000.000000,3918000000.000000,18021000000.000000,0.000000,0.058000,1.110000,1364000000.000000,19385000000.000000,0.161000,19385000000.000000,1364000000.000000,-4744000000.000000,-1.130000,-1.130000,-1.130000,97500000000.000000,126672000000.000000,97500000000.000000,288299302421.000000,211.000000,14.872000,12397000000.000000,1.739000,1.000000,69893000000.000000,0.579000,197341000000.000000,6108000000.000000,300317000000.000000,328649250000.000000,3123000000.000000,3533000000.000000,0.000000,3533000000.000000,296396000000.000000,56173000000.000000,240223000000.000000,-17523000000.000000,-7352000000.000000,-862000000.000000,-42956000000.000000,-9859000000.000000,-23741000000.000000,-25805000000.000000,0.000000,32023000000.000000,0.000000,-8524000000.000000,-8727000000.000000,-8727000000.000000,181000000.000000,1469000000.000000,-0.072000,74480000000.000000,-4587000000.000000,42644000000.000000,-0.982000,1.408000,-15.735000,-17.044000,149259000000.000000,203000000.000000,19.260000,1.137000,1.137000,11466000000.000000,-19415000000.000000,120741000000.000000,120741000000.000000,0.000000,-0.019000,-0.069000,0.004000,0.011000,0.000000,28961000000.000000,1.000000,7129870323.000000,7129870323.000000,,16.935000,205512000000.000000,0.000000,3780000000.000000,57032000000.000000,28.824000
ART,2023-03-31,2023-05-01,2023-03-31,2023-Q1,-28247000000.000000,125107500000.000000,2025-04-29,2354000000.000000,400873000000.000000,414155500000.000000,29903000000.000000,370970000000.000000,0.293000,13.867000,-19213000000.000000,2821000000.000000,2821000000.000000,50444000000.000000,-7766000000.000000,0.514000,2.943000,155897000000.000000,13757000000.000000,142140000000.000000,155897000000.000000,3922000000.000000,17113000000.000000,0.000000,0.063000,1.110000,738000000.000000,17851000000.000000,0.147000,17851000000.000000,738000000.000000,-5452000000.000000,-1.210000,-1.210000,-1.210000,99396000000.000000,109262000000.000000,99396000000.000000,278183500000.000000,377.000000,15.584000,13756000000.000000,1.919000,1.000000,70724000000.000000,0.584000,197743000000.000000,6190000000.000000,298056000000.000000,301895500000.000000,2791000000.000000,2810000000.000000,0.000000,2810000000.000000,292527000000.000000,58150000000.000000,234377000000.000000,-35706000000.000000,1064000000.000000,-876000000.000000,-73792000000.000000,-8124000000.000000,-51703000000.000000,-16972000000.000000,0.000000,32969000000.000000,0.000000,-9106000000.000000,-9313000000.000000,-9313000000.000000,196000000.000000,1340000000.000000,-0.077000,74846000000.000000,-4122000000.000000,38389000000.000000,-0.917000,1.259000,-13.434000,-14.463000,150077000000.000000,207000000.000000,17.500000,1.033000,1.035000,10214000000.000000,-15187000000.000000,121168000000.000000,121168000000.000000,0.000000,-0.022000,-0.085000,0.002000,0.006000,0.000000,29158000000.000000,1.000000,7149000000.000000,7168000000.000000,,16.904000,203130000000.000000,0.000000,3654000000.000000,57294000000.000000,28.338000
ART,2023-06-30,2023-07-27,2023-06-30,2023-Q2,-17487000000.000000,103731990000.000000,2025-04-29,2305000000.000000,408453000000.000000,409660500000.000000,36672000000.000000,371781000000.000000,0.296000,14.193000,-18755000000.000000,9528000000.000000,9528000000.000000,49930000000.000000,-7541000000.000000,0.677000,2.869000,161591000000.000000,15268000000.000000,146323000000.000000,161591000000.000000,3833000000.000000,18415000000.000000,0.000000,0.076000,1.110000,1070000000.000000,19485000000.000000,0.160000,19485000000.000000,1070000000.000000,-5226000000.000000,-1.170000,-1.160000,-1.170000,101903000000.000000,105301250000.000000,101903000000.000000,255794990000.000000,239.000000,13.128000,18229000000.000000,2.539000,1.000000,71512000000.000000,0.589000,198242000000.000000,6296000000.000000,308115000000.000000,302205000000.000000,2348000000.000000,2779000000.000000,0.000000,2779000000.000000,292378000000.000000,54159000000.000000,238219000000.000000,5505000000.000000,1033000000.000000,-204000000.000000,-552000000.000000,-8121000000.000000,-12872000000.000000,-18607000000.000000,-1056000000.000000,36984000000.000000,0.000000,-8774000000.000000,-8981000000.000000,-8981000000.000000,-18000000.000000,1233000000.000000,-0.074000,74184000000.000000,-2672000000.000000,33038000000.000000,-0.949000,1.018000,-11.550000,-12.402000,150364000000.000000,207000000.000000,14.510000,0.854000,0.858000,9304000000.000000,-10698000000.000000,121442000000.000000,121442000000.000000,0.000000,-0.022000,-0.085000,0.004000,0.009000,0.000000,28902000000.000000,1.000000,7149000000.000000,7180000000.000000,,16.914000,210211000000.000000,0.000000,3548000000.000000,57972000000.000000,29.277000
ART,2023-09-30,2023-10-31,2023-09-30,2023-Q3,-16064000000.000000,110110309817.000000,2025-04-29,2545000000.000000,406698000000.000000,404719250000.000000,35620000000.000000,371078000000.000000,0.301000,14.433000,-17481000000.000000,7540000000.000000,7540000000.000000,49783000000.000000,-10114000000.000000,0.689000,2.785000,155733000000.000000,11302000000.000000,144431000000.000000,155733000000.000000,3703000000.000000,18606000000.000000,0.000000,0.072000,1.110000,-973000000.000000,17633000000.000000,0.145000,17633000000.000000,-973000000.000000,-7511000000.000000,-1.520000,-1.480000,-1.520000,103703000000.000000,100625500000.000000,103703000000.000000,258303309817.000000,-265.000000,14.649000,19768000000.000000,2.751000,1.000000,71966000000.000000,0.591000,200299000000.000000,6538000000.000000,302908000000.000000,302349000000.000000,2520000000.000000,1847000000.000000,0.000000,1847000000.000000,288843000000.000000,51684000000.000000,237159000000.000000,5165000000.000000,943000000.000000,-202000000.000000,-4503000000.000000,-8130000000.000000,-14475000000.000000,-17609000000.000000,-1043000000.000000,37249000000.000000,0.000000,-11305000000.000000,-11514000000.000000,-11514000000.000000,35000000.000000,1191000000.000000,-0.095000,74868000000.000000,-2902000000.000000,34659000000.000000,-0.730000,1.062000,-9.563000,-10.132000,149497000000.000000,209000000.000000,15.400000,0.904000,0.909000,8962000000.000000,-7203000000.000000,121749000000.000000,121749000000.000000,0.000000,-0.028000,-0.114000,-0.003000,-0.008000,0.000000,28905000000.000000,1.000000,7150020118.000000,7185000000.000000,,16.945000,206399000000.000000,0.000000,3794000000.000000,58671000000.000000,28.726000
ART,2023-12-31,2024-02-23,2023-12-31,2023-Q4,-14669000000.000000,120166909850.000000,2025-04-29,2300000000.000000,407060000000.000000,405771000000.000000,36458000000.000000,370602000000.000000,0.302000,14.441000,-17853000000.000000,6722000000.000000,6722000000.000000,50123000000.000000,15623000000.000000,0.713000,2.804000,154899000000.000000,9477000000.000000,145422000000.000000,154899000000.000000,3778000000.000000,18777000000.000000,0.000000,0.066000,1.110000,25329000000.000000,44106000000.000000,0.360000,44106000000.000000,25329000000.000000,18625000000.000000,1.970000,1.970000,1.970000,103297000000.000000,102074750000.000000,103297000000.000000,268343909850.000000,11.000000,6.084000,20461000000.000000,2.861000,1.000000,72305000000.000000,0.591000,200356000000.000000,6704000000.000000,303754000000.000000,303208250000.000000,2177000000.000000,1251000000.000000,0.000000,1251000000.000000,289618000000.000000,51127000000.000000,238491000000.000000,3040000000.000000,-821000000.000000,-191000000.000000,-6835000000.000000,-8136000000.000000,-15614000000.000000,-19660000000.000000,-902000000.000000,38314000000.000000,0.000000,14400000000.000000,14192000000.000000,14192000000.000000,0.000000,1223000000.000000,0.116000,48844000000.000000,23461000000.000000,35852000000.000000,0.563000,1.163000,8.467000,8.528000,149394000000.000000,208000000.000000,16.800000,0.982000,0.982000,10289000000.000000,-5015000000.000000,122428000000.000000,122428000000.000000,0.000000,0.035000,0.139000,0.084000,0.207000,0.000000,28874000000.000000,1.000000,7152792253.000000,7152792253.000000,,17.116000,206704000000.000000,0.000000,4225000000.000000,58666000000.000000,28.898000
ART,2024-03-31,2024-05-02,2024-03-31,2024-Q1,-14389000000.000000,120602177049.000000,2025-04-29,2167000000.000000,399428000000.000000,405409750000.000000,30445000000.000000,368983000000.000000,0.302000,14.536000,-17276000000.000000,3520000000.000000,3520000000.000000,49746000000.000000,14921000000.000000,0.679000,2.686000,150055000000.000000,7060000000.000000,142995000000.000000,150055000000.000000,3713000000.000000,19193000000.000000,0.000000,0.066000,1.110000,24366000000.000000,43559000000.000000,0.356000,43559000000.000000,24366000000.000000,17646000000.000000,1.860000,1.860000,1.860000,104540000000.000000,103360750000.000000,104540000000.000000,267137177049.000000,11.000000,6.133000,21907000000.000000,3.046000,1.000000,72571000000.000000,0.593000,200558000000.000000,6720000000.000000,300571000000.000000,303837000000.000000,2127000000.000000,891000000.000000,0.000000,891000000.000000,280808000000.000000,44834000000.000000,235974000000.000000,662000000.000000,-1328000000.000000,-163000000.000000,-10202000000.000000,-8156000000.000000,-19718000000.000000,-18803000000.000000,177000000.000000,39183000000.000000,0.000000,13617000000.000000,13411000000.000000,13411000000.000000,0.000000,1304000000.000000,0.110000,49265000000.000000,23306000000.000000,31973000000.000000,0.597000,1.154000,8.993000,9.043000,148519000000.000000,206000000.000000,16.820000,0.986000,0.989000,9577000000.000000,-1570000000.000000,122317000000.000000,122317000000.000000,0.000000,0.033000,0.130000,0.080000,0.199000,0.000000,28720000000.000000,1.000000,7170165104.000000,7192000000.000000,,17.007000,198870000000.000000,0.000000,4029000000.000000,58820000000.000000,27.652000
ART,2024-06-30,2024-07-25,2024-06-30,2024-Q2,-12561000000.000000,137596980000.000000,2025-04-29,1440000000.000000,398026000000.000000,402803000000.000000,29868000000.000000,368158000000.000000,0.303000,14.635000,-17366000000.000000,3093000000.000000,3093000000.000000,49361000000.000000,14108000000.000000,0.704000,2.646000,147778000000.000000,5249000000.000000,142529000000.000000,147778000000.000000,3981000000.000000,19590000000.000000,0.000000,0.058000,1.110000,23304000000.000000,42894000000.000000,0.351000,42894000000.000000,23304000000.000000,16493000000.000000,1.740000,1.740000,1.740000,105310000000.000000,104212500000.000000,105310000000.000000,282281980000.000000,12.000000,6.581000,20988000000.000000,2.917000,1.000000,72836000000.000000,0.596000,200410000000.000000,6811000000.000000,299872000000.000000,301776250000.000000,1816000000.000000,584000000.000000,0.000000,584000000.000000,278679000000.000000,42429000000.000000,236250000000.000000,-6419000000.000000,-966000000.000000,-164000000.000000,-16207000000.000000,-8172000000.000000,-27377000000.000000,-17396000000.000000,1301000000.000000,38354000000.000000,0.000000,12725000000.000000,12520000000.000000,12520000000.000000,0.000000,1383000000.000000,0.102000,50176000000.000000,22660000000.000000,31173000000.000000,0.638000,1.307000,10.990000,11.029000,148354000000.000000,205000000.000000,19.190000,1.126000,1.130000,9686000000.000000,2000000.000000,122197000000.000000,122197000000.000000,0.000000,0.031000,0.120000,0.077000,0.191000,0.000000,28754000000.000000,1.000000,7170243877.000000,7196000000.000000,,16.981000,197616000000.000000,0.000000,3768000000.000000,58918000000.000000,27.462000
ART,2024-09-30,2024-10-29,2024-09-30,2024-Q3,-10859000000.000000,159147913502.000000,2025-04-29,648000000.000000,393719000000.000000,399558250000.000000,29799000000.000000,363920000000.000000,0.305000,14.211000,-18021000000.000000,2586000000.000000,2586000000.000000,48937000000.000000,10427000000.000000,0.733000,2.711000,146343000000.000000,2637000000.000000,143706000000.000000,146343000000.000000,4059000000.000000,19972000000.000000,0.000000,0.050000,1.110000,19779000000.000000,39751000000.000000,0.326000,39751000000.000000,19779000000.000000,12955000000.000000,1.230000,1.230000,1.230000,102351000000.000000,103874500000.000000,102351000000.000000,302904913502.000000,15.000000,7.620000,20232000000.000000,2.809000,1.000000,73123000000.000000,0.599000,195822000000.000000,6824000000.000000,300996000000.000000,301298250000.000000,2529000000.000000,281000000.000000,0.000000,281000000.000000,277437000000.000000,40658000000.000000,236779000000.000000,-4933000000.000000,-739000000.000000,-204000000.000000,-13902000000.000000,-8191000000.000000,-25185000000.000000,-18001000000.000000,1294000000.000000,38253000000.000000,0.000000,9056000000.000000,8850000000.000000,8850000000.000000,0.000000,1371000000.000000,0.073000,54129000000.000000,18994000000.000000,31935000000.000000,0.902000,1.555000,17.983000,18.033000,148743000000.000000,206000000.000000,22.180000,1.304000,1.309000,9068000000.000000,-185000000.000000,122060000000.000000,122060000000.000000,0.000000,0.022000,0.085000,0.066000,0.162000,0.000000,28507000000.000000,1.000000,7175289157.000000,7202000000.000000,,16.948000,197897000000.000000,0.000000,3899000000.000000,58461000000.000000,27.478000
ART,2024-12-31,2025-02-12,2024-12-31,2024-Q4,-15704000000.000000,182038720880.000000,2025-04-29,795000000.000000,394795000000.000000,396492000000.000000,31168000000.000000,363627000000.000000,0.309000,14.540000,-20263000000.000000,3298000000.000000,3298000000.000000,49221000000.000000,12253000000.000000,0.665000,2.650000,140923000000.000000,5089000000.000000,135834000000.000000,140923000000.000000,4099000000.000000,20580000000.000000,0.000000,0.044000,1.113000,22152000000.000000,42732000000.000000,0.349000,42732000000.000000,22152000000.000000,15393000000.000000,1.490000,1.490000,1.490000,104372000000.000000,104143250000.000000,104372000000.000000,319663720880.000000,14.000000,7.481000,18508000000.000000,2.578000,1.000000,73115000000.000000,0.598000,195722000000.000000,6759000000.000000,289826000000.000000,297816250000.000000,2270000000.000000,295000000.000000,0.000000,295000000.000000,276550000000.000000,46872000000.000000,229678000000.000000,-3427000000.000000,623000000.000000,-200000000.000000,-14066000000.000000,-8208000000.000000,-24708000000.000000,-17490000000.000000,2575000000.000000,38771000000.000000,0.000000,10948000000.000000,10746000000.000000,10746000000.000000,0.000000,1305000000.000000,0.088000,54066000000.000000,19049000000.000000,35657000000.000000,0.747000,1.744000,16.940000,17.020000,149780000000.000000,202000000.000000,25.360000,1.488000,1.488000,9638000000.000000,1871000000.000000,122336000000.000000,122336000000.000000,0.000000,0.027000,0.103000,0.074000,0.181000,0.000000,28411000000.000000,1.000000,7178183000.000000,7178183000.000000,,17.043000,199073000000.000000,0.000000,4445000000.000000,58939000000.000000,27.733000
ART,2025-03-31,2025-04-29,2025-03-31,2025-Q1,-14219000000.000000,196439939459.000000,2025-04-29,-142000000.000000,397467000000.000000,396001750000.000000,33780000000.000000,363687000000.000000,0.310000,14.383000,-20782000000.000000,6885000000.000000,6885000000.000000,49300000000.000000,13194000000.000000,0.704000,2.676000,143594000000.000000,8902000000.000000,134692000000.000000,143594000000.000000,3951000000.000000,20723000000.000000,0.000000,0.041000,1.113000,23173000000.000000,43896000000.000000,0.357000,43896000000.000000,23173000000.000000,16480000000.000000,1.630000,1.630000,1.630000,103744000000.000000,103944250000.000000,103744000000.000000,333148939459.000000,14.000000,7.590000,19491000000.000000,2.702000,1.000000,73634000000.000000,0.599000,196031000000.000000,6693000000.000000,290146000000.000000,295210000000.000000,2593000000.000000,942000000.000000,0.000000,942000000.000000,277609000000.000000,47999000000.000000,229610000000.000000,3340000000.000000,623000000.000000,-244000000.000000,-7741000000.000000,-8265000000.000000,-17446000000.000000,-19487000000.000000,1541000000.000000,40273000000.000000,0.000000,11854000000.000000,11746000000.000000,11746000000.000000,0.000000,1340000000.000000,0.096000,54678000000.000000,18956000000.000000,33113000000.000000,0.683000,1.894000,16.724000,16.748000,149459000000.000000,108000000.000000,27.300000,1.598000,1.602000,9228000000.000000,4215000000.000000,122934000000.000000,122934000000.000000,0.000000,0.030000,0.113000,0.078000,0.188000,0.000000,28535000000.000000,1.000000,7195602178.000000,7213000000.000000,,17.043000,201436000000.000000,0.000000,4626000000.000000,59144000000.000000,27.927000
ARY,1996-12-31,1997-03-11,1996-12-31,1996-FY,-1908000000.000000,34583156281.000000,2025-04-29,-633000000.000000,23449000000.000000,,3912000000.000000,19537000000.000000,,5.630000,-3027000000.000000,242000000.000000,242000000.000000,4135000000.000000,2101000000.000000,0.672000,2.431000,7227000000.000000,1722000000.000000,5505000000.000000,7227000000.000000,0.000000,2240000000.000000,0.000000,0.030000,0.860000,3739000000.000000,5979000000.000000,0.430000,5979000000.000000,3739000000.000000,3267000000.000000,1.730000,,1.730000,6835000000.000000,,6835000000.000000,41568156281.000000,11.000000,6.952000,1797000000.000000,1.480000,1.000000,9763000000.000000,0.702000,2485000000.000000,472000000.000000,22129000000.000000,,116000000.000000,2468000000.000000,513000000.000000,1955000000.000000,16614000000.000000,5820000000.000000,10794000000.000000,-248000000.000000,-226000000.000000,-598000000.000000,-104000000.000000,-928000000.000000,-1630000000.000000,-3442000000.000000,-189000000.000000,4824000000.000000,0.000000,2101000000.000000,2101000000.000000,2101000000.000000,0.000000,0.000000,0.151000,6207000000.000000,3556000000.000000,3839000000.000000,0.497000,5.060000,16.460000,16.691000,14007000000.000000,0.000000,28.875000,2.488000,2.522000,2575000000.000000,1739000000.000000,13898000000.000000,13898000000.000000,0.000000,,,,0.269000,0.000000,3967000000.000000,1.000000,1197685066.000000,1214000000.000000,,11.448000,20964000000.000000,0.000000,1166000000.000000,1039000000.000000,17.269000
ARY,1997-12-31,1998-03-11,1997-12-31,1997-FY,-3190000000.000000,72178018357.000000,2025-04-29,-574000000.000000,42132000000.000000,37292750000.000000,7062000000.000000,35070000000.000000,0.667000,5.379000,-5766000000.000000,398000000.000000,398000000.000000,9488000000.000000,1474000000.000000,0.689000,3.259000,13972000000.000000,1953000000.000000,12019000000.000000,13972000000.000000,0.000000,4922000000.000000,0.000000,0.023000,0.896000,3284000000.000000,8206000000.000000,0.330000,8206000000.000000,3284000000.000000,2337000000.000000,0.405000,0.400000,0.405000,9892000000.000000,8903750000.000000,9892000000.000000,85752018357.000000,26.000000,10.450000,1204000000.000000,0.655000,1.000000,15368000000.000000,0.618000,3269000000.000000,947000000.000000,42185000000.000000,36627000000.000000,0.000000,3060000000.000000,320000000.000000,2740000000.000000,32240000000.000000,10252000000.000000,21988000000.000000,84000000.000000,-563000000.000000,198000000.000000,761000000.000000,-1622000000.000000,-670000000.000000,-6216000000.000000,113000000.000000,6970000000.000000,0.000000,1474000000.000000,1474000000.000000,1474000000.000000,0.000000,0.000000,0.059000,12198000000.000000,3170000000.000000,7888000000.000000,2.212000,7.297000,48.967000,96.914000,27339000000.000000,0.000000,39.250000,2.904000,2.904000,5015000000.000000,1146000000.000000,24856000000.000000,24856000000.000000,0.000000,0.040000,0.166000,0.090000,0.132000,0.000000,7276000000.000000,1.000000,1838930404.000000,1838930404.000000,,13.517000,38863000000.000000,622000000.000000,863000000.000000,2056000000.000000,21.133000
ARY,1998-12-31,1999-03-12,1998-12-31,1998-FY,-2451000000.000000,104122096588.000000,2025-04-29,-632000000.000000,45066000000.000000,43077250000.000000,7538000000.000000,37528000000.000000,0.668000,6.513000,-5927000000.000000,460000000.000000,460000000.000000,16714000000.000000,4023000000.000000,0.755000,2.526000,13163000000.000000,1551000000.000000,11612000000.000000,13163000000.000000,0.000000,5177000000.000000,0.000000,0.018000,0.935000,7322000000.000000,12499000000.000000,0.434000,12499000000.000000,7322000000.000000,6329000000.000000,2.060000,2.030000,2.060000,12780000000.000000,11401250000.000000,12780000000.000000,116825096588.000000,16.000000,9.347000,2454000000.000000,1.251000,1.000000,12063000000.000000,0.419000,3087000000.000000,993000000.000000,44693000000.000000,43072250000.000000,0.000000,2520000000.000000,6000000.000000,2514000000.000000,32286000000.000000,9989000000.000000,22297000000.000000,50000000.000000,1055000000.000000,-126000000.000000,-1081000000.000000,-1811000000.000000,-3783000000.000000,-4548000000.000000,313000000.000000,8381000000.000000,0.000000,4023000000.000000,4023000000.000000,4023000000.000000,0.000000,0.000000,0.140000,5177000000.000000,6886000000.000000,7980000000.000000,0.454000,8.147000,25.882000,25.757000,29920000000.000000,0.000000,53.060000,3.618000,3.618000,5790000000.000000,3396000000.000000,28777000000.000000,28777000000.000000,0.000000,0.093000,0.353000,0.170000,0.254000,0.000000,0.000000,1.000000,1962346336.000000,1962346336.000000,,14.665000,41979000000.000000,489000000.000000,2306000000.000000,2349000000.000000,21.392000
ARY,1999-12-31,2000-03-10,1999-12-31,1999-FY,-7383000000.000000,142774365846.000000,2025-04-29,-1062000000.000000,83215000000.000000,55951750000.000000,11930000000.000000,71285000000.000000,0.884000,7.862000,-10304000000.000000,495000000.000000,495000000.000000,29338000000.000000,8159000000.000000,0.618000,2.114000,20849000000.000000,3374000000.000000,17475000000.000000,20849000000.000000,0.000000,8553000000.000000,0.000000,0.023000,0.975000,13869000000.000000,22422000000.000000,0.453000,22422000000.000000,13869000000.000000,12439000000.000000,2.390000,2.360000,2.390000,26726000000.000000,17486750000.000000,26726000000.000000,163128365846.000000,12.000000,7.275000,6274000000.000000,1.846000,1.000000,20151000000.000000,0.407000,6796000000.000000,1430000000.000000,77460000000.000000,53346250000.000000,0.000000,10648000000.000000,0.000000,10648000000.000000,56489000000.000000,19313000000.000000,37176000000.000000,-104000000.000000,-280000000.000000,-538000000.000000,-2350000000.000000,-3287000000.000000,-6105000000.000000,-10577000000.000000,5000000.000000,16578000000.000000,0.000000,8159000000.000000,8159000000.000000,8159000000.000000,0.000000,0.000000,0.165000,8553000000.000000,11598000000.000000,15103000000.000000,0.408000,5.342000,17.499000,17.573000,46571000000.000000,0.000000,42.000000,2.885000,2.885000,9378000000.000000,13798000000.000000,49489000000.000000,49489000000.000000,0.000000,0.146000,0.467000,0.260000,0.280000,0.000000,0.000000,1.000000,3399389663.000000,3399389663.000000,,14.558000,76419000000.000000,767000000.000000,4280000000.000000,5210000000.000000,22.480000
ARY,2000-12-31,2001-03-12,2000-12-31,2000-FY,-7141000000.000000,151471589278.000000,2025-04-29,-1307000000.000000,98651000000.000000,93454750000.000000,23216000000.000000,75435000000.000000,0.551000,9.028000,-13124000000.000000,643000000.000000,643000000.000000,30985000000.000000,7967000000.000000,0.765000,2.238000,25962000000.000000,10470000000.000000,15492000000.000000,25962000000.000000,0.000000,9748000000.000000,0.000000,0.023000,1.015000,14480000000.000000,24228000000.000000,0.471000,24228000000.000000,14480000000.000000,12888000000.000000,2.350000,2.320000,2.350000,30463000000.000000,29239750000.000000,30463000000.000000,176790589278.000000,12.000000,7.297000,1175000000.000000,0.348000,1.000000,20491000000.000000,0.398000,5475000000.000000,1592000000.000000,88138000000.000000,81677500000.000000,0.000000,21946000000.000000,9568000000.000000,12378000000.000000,68188000000.000000,30357000000.000000,37831000000.000000,148000000.000000,-823000000.000000,-1523000000.000000,5128000000.000000,-3418000000.000000,252000000.000000,-14403000000.000000,-455000000.000000,14299000000.000000,0.000000,7967000000.000000,7967000000.000000,7967000000.000000,0.000000,0.000000,0.155000,9748000000.000000,10743000000.000000,15432000000.000000,0.432000,4.972000,19.012000,19.102000,47195000000.000000,0.000000,44.890000,2.943000,2.943000,10144000000.000000,18341000000.000000,51476000000.000000,51476000000.000000,0.000000,0.085000,0.272000,0.177000,0.281000,0.000000,0.000000,1.000000,3374283566.000000,3374283566.000000,,15.255000,93176000000.000000,671000000.000000,4921000000.000000,10716000000.000000,27.614000
ARY,2001-12-31,2002-02-28,2001-12-31,2001-FY,-11368000000.000000,126840425145.000000,2025-04-29,-1590000000.000000,96322000000.000000,96324000000.000000,12580000000.000000,83742000000.000000,0.477000,9.693000,-11189000000.000000,703000000.000000,703000000.000000,25943000000.000000,7242000000.000000,0.525000,1.965000,26166000000.000000,9033000000.000000,17133000000.000000,26166000000.000000,0.000000,9077000000.000000,0.000000,0.027000,1.025000,12938000000.000000,22015000000.000000,0.480000,22015000000.000000,12938000000.000000,11339000000.000000,2.150000,2.130000,2.150000,32491000000.000000,31643500000.000000,32491000000.000000,152303425145.000000,12.000000,6.918000,3616000000.000000,1.079000,1.000000,19965000000.000000,0.435000,3577000000.000000,1599000000.000000,94260000000.000000,93214500000.000000,0.000000,17891000000.000000,0.000000,17891000000.000000,63831000000.000000,23948000000.000000,39883000000.000000,60000000.000000,2291000000.000000,-1745000000.000000,274000000.000000,-3456000000.000000,-6358000000.000000,-8387000000.000000,510000000.000000,14805000000.000000,0.000000,7242000000.000000,7242000000.000000,7242000000.000000,0.000000,0.000000,0.158000,9077000000.000000,10888000000.000000,11459000000.000000,0.477000,3.904000,17.515000,17.600000,49827000000.000000,0.000000,37.840000,2.763000,2.763000,9376000000.000000,22138000000.000000,45908000000.000000,45908000000.000000,0.000000,0.075000,0.229000,0.139000,0.282000,0.000000,0.000000,1.000000,3352019692.000000,3352019692.000000,,13.696000,92745000000.000000,713000000.000000,4097000000.000000,11450000000.000000,27.668000
ARY,2002-12-31,2003-03-14,2002-12-31,2002-FY,-594000000.000000,69230346693.000000,2025-04-29,-2451000000.000000,95057000000.000000,94364500000.000000,14089000000.000000,80968000000.000000,0.457000,9.998000,-6808000000.000000,3567000000.000000,3567000000.000000,25937000000.000000,5653000000.000000,0.960000,1.863000,22041000000.000000,3505000000.000000,18536000000.000000,22041000000.000000,0.000000,8578000000.000000,0.000000,0.052000,1.080000,10019000000.000000,18597000000.000000,0.431000,18597000000.000000,10019000000.000000,8637000000.000000,1.700000,,1.700000,33199000000.000000,32063500000.000000,33199000000.000000,87704346693.000000,9.000000,4.716000,8402000000.000000,2.530000,1.000000,17201000000.000000,0.399000,1643000000.000000,1382000000.000000,97205000000.000000,97340000000.000000,0.000000,16392000000.000000,0.000000,16392000000.000000,61858000000.000000,14683000000.000000,47175000000.000000,2864000000.000000,3479000000.000000,-1309000000.000000,-4139000000.000000,-3557000000.000000,-9018000000.000000,-3328000000.000000,0.000000,15210000000.000000,0.000000,5653000000.000000,5653000000.000000,5653000000.000000,0.000000,0.000000,0.131000,8578000000.000000,8623000000.000000,9413000000.000000,0.635000,2.085000,12.247000,12.265000,48490000000.000000,0.000000,20.850000,1.605000,1.605000,8540000000.000000,23802000000.000000,43138000000.000000,43138000000.000000,0.000000,0.060000,0.176000,0.103000,0.232000,0.000000,0.000000,1.000000,3320400321.000000,3320400321.000000,,12.992000,93414000000.000000,704000000.000000,2984000000.000000,11840000000.000000,28.133000
ARY,2003-12-31,2004-03-11,2003-12-31,2003-FY,-292000000.000000,79563267478.000000,2025-04-29,-1132000000.000000,100166000000.000000,100730750000.000000,13968000000.000000,86198000000.000000,0.405000,11.561000,-5219000000.000000,4806000000.000000,4806000000.000000,16653000000.000000,8505000000.000000,0.980000,1.619000,17939000000.000000,1879000000.000000,16060000000.000000,17939000000.000000,0.000000,7870000000.000000,0.000000,0.059000,1.410000,12676000000.000000,20546000000.000000,0.503000,20546000000.000000,12676000000.000000,11435000000.000000,2.560000,2.560000,2.560000,38248000000.000000,37990500000.000000,38248000000.000000,92696267478.000000,7.000000,4.512000,8298000000.000000,2.508000,1.000000,24190000000.000000,0.592000,1611000000.000000,1241000000.000000,97428000000.000000,98311000000.000000,0.000000,18328000000.000000,378000000.000000,17950000000.000000,61918000000.000000,14260000000.000000,47658000000.000000,1239000000.000000,3012000000.000000,-388000000.000000,-4246000000.000000,-4539000000.000000,-9173000000.000000,-3105000000.000000,-898000000.000000,13517000000.000000,0.000000,8505000000.000000,8505000000.000000,8505000000.000000,0.000000,0.000000,0.208000,17721000000.000000,6469000000.000000,10870000000.000000,0.551000,2.080000,9.355000,9.395000,52128000000.000000,0.000000,24.050000,1.948000,1.948000,6178000000.000000,27635000000.000000,40843000000.000000,40843000000.000000,0.000000,0.084000,0.224000,0.129000,0.310000,0.000000,9851000000.000000,1.000000,3308243970.000000,3308243970.000000,,12.346000,98555000000.000000,712000000.000000,2930000000.000000,15777000000.000000,29.791000
ARY,2004-12-31,2005-03-11,2004-12-31,2004-FY,-10393000000.000000,79282502640.000000,2025-04-29,-550000000.000000,108844000000.000000,102917750000.000000,8541000000.000000,100303000000.000000,0.396000,12.261000,-5099000000.000000,760000000.000000,760000000.000000,17383000000.000000,5887000000.000000,0.451000,1.687000,26965000000.000000,5734000000.000000,21231000000.000000,26965000000.000000,0.000000,7564000000.000000,0.000000,0.052000,1.260000,9096000000.000000,16660000000.000000,0.408000,16660000000.000000,9096000000.000000,8073000000.000000,1.780000,1.770000,1.780000,40504000000.000000,39850750000.000000,40504000000.000000,105487502640.000000,12.000000,6.332000,5856000000.000000,1.773000,1.000000,23404000000.000000,0.574000,1625000000.000000,1023000000.000000,114490000000.000000,98403250000.000000,0.000000,35584000000.000000,99000000.000000,35485000000.000000,68340000000.000000,18934000000.000000,49406000000.000000,-4046000000.000000,-16112000000.000000,-232000000.000000,8978000000.000000,-4141000000.000000,4605000000.000000,-20747000000.000000,464000000.000000,10955000000.000000,0.000000,5887000000.000000,5887000000.000000,5887000000.000000,-908000000.000000,0.000000,0.144000,17503000000.000000,5901000000.000000,10038000000.000000,0.708000,1.957000,13.467000,13.483000,50046000000.000000,0.000000,24.000000,1.944000,1.944000,5480000000.000000,29352000000.000000,40787000000.000000,40787000000.000000,0.000000,0.057000,0.148000,0.092000,0.223000,0.000000,9939000000.000000,1.000000,3303437610.000000,3303437610.000000,,12.347000,107219000000.000000,566000000.000000,2186000000.000000,17596000000.000000,32.457000
ARY,2005-12-31,2006-03-01,2005-12-31,2005-FY,-10764000000.000000,108982451883.000000,2025-04-29,-574000000.000000,145632000000.000000,115581250000.000000,14654000000.000000,130978000000.000000,0.379000,14.096000,-5576000000.000000,1224000000.000000,1224000000.000000,19190000000.000000,4786000000.000000,0.577000,1.663000,30570000000.000000,4455000000.000000,26115000000.000000,30570000000.000000,0.000000,7643000000.000000,0.000000,0.046000,1.300000,7174000000.000000,14817000000.000000,0.338000,14817000000.000000,7174000000.000000,5718000000.000000,1.420000,1.420000,1.420000,54690000000.000000,43939750000.000000,54690000000.000000,138328451883.000000,19.000000,9.336000,7398000000.000000,1.907000,1.000000,24672000000.000000,0.562000,22558000000.000000,1456000000.000000,127002000000.000000,114445500000.000000,0.000000,33435000000.000000,0.000000,33435000000.000000,90942000000.000000,25418000000.000000,65524000000.000000,464000000.000000,4466000000.000000,-1411000000.000000,-4828000000.000000,-4256000000.000000,-11226000000.000000,-974000000.000000,136000000.000000,12974000000.000000,0.000000,4786000000.000000,4786000000.000000,4786000000.000000,0.000000,0.000000,0.109000,18504000000.000000,6168000000.000000,17088000000.000000,0.915000,1.993000,22.771000,19.782000,58727000000.000000,0.000000,28.090000,2.485000,2.485000,9351000000.000000,29106000000.000000,43862000000.000000,43862000000.000000,0.000000,0.041000,0.109000,0.063000,0.164000,-3000000.000000,10861000000.000000,1.000000,3879759768.000000,3879759768.000000,,11.305000,123074000000.000000,2011000000.000000,932000000.000000,18508000000.000000,31.722000
ARY,2006-12-31,2007-02-26,2006-12-31,2006-FY,-14929000000.000000,234155338538.000000,2025-04-29,-5314000000.000000,270634000000.000000,175828250000.000000,25553000000.000000,245081000000.000000,0.359000,18.504000,-8320000000.000000,2418000000.000000,2418000000.000000,27349000000.000000,7356000000.000000,0.631000,1.342000,59796000000.000000,9733000000.000000,50063000000.000000,59796000000.000000,0.000000,9907000000.000000,0.000000,0.036000,1.353000,12724000000.000000,22631000000.000000,0.359000,22631000000.000000,12724000000.000000,10881000000.000000,1.890000,1.890000,1.890000,115540000000.000000,70374750000.000000,115540000000.000000,291533338538.000000,23.000000,12.882000,7295000000.000000,1.168000,1.000000,35706000000.000000,0.566000,127397000000.000000,1843000000.000000,160133000000.000000,136775250000.000000,0.000000,1995000000.000000,0.000000,1995000000.000000,155094000000.000000,40482000000.000000,114612000000.000000,1194000000.000000,20000000.000000,-2089000000.000000,896000000.000000,-5153000000.000000,-6128000000.000000,-8293000000.000000,3000000.000000,15615000000.000000,0.000000,7356000000.000000,7356000000.000000,7356000000.000000,0.000000,0.000000,0.117000,25418000000.000000,10288000000.000000,25508000000.000000,0.716000,2.027000,31.832000,19.841000,94596000000.000000,0.000000,37.500000,3.714000,3.714000,16194000000.000000,30375000000.000000,63055000000.000000,63055000000.000000,0.000000,0.042000,0.105000,0.093000,0.202000,-18000000.000000,15511000000.000000,1.000000,6244142361.000000,6244142361.000000,,10.098000,143237000000.000000,3034000000.000000,3525000000.000000,30613000000.000000,22.939000
ARY,2007-12-31,2008-02-27,2007-12-31,2007-FY,-14588000000.000000,212457535699.000000,2025-04-29,-380000000.000000,275644000000.000000,269808500000.000000,24686000000.000000,250958000000.000000,0.441000,19.114000,-17717000000.000000,1970000000.000000,1970000000.000000,46055000000.000000,11951000000.000000,0.629000,1.389000,64115000000.000000,6860000000.000000,57255000000.000000,64115000000.000000,3571000000.000000,21577000000.000000,0.000000,0.042000,1.465000,21711000000.000000,43288000000.000000,0.364000,43288000000.000000,21711000000.000000,18204000000.000000,1.950000,1.940000,1.950000,115367000000.000000,113052000000.000000,115367000000.000000,274602535699.000000,13.000000,6.344000,16355000000.000000,2.710000,1.000000,72873000000.000000,0.613000,129115000000.000000,3507000000.000000,169400000000.000000,165661000000.000000,0.000000,2270000000.000000,0.000000,2270000000.000000,160277000000.000000,39274000000.000000,121003000000.000000,-448000000.000000,-1279000000.000000,-8404000000.000000,1184000000.000000,-8743000000.000000,-16014000000.000000,-18506000000.000000,454000000.000000,34072000000.000000,0.000000,11951000000.000000,11951000000.000000,11951000000.000000,0.000000,0.000000,0.100000,52469000000.000000,20404000000.000000,21399000000.000000,0.751000,1.842000,17.777000,18.051000,95890000000.000000,0.000000,35.200000,1.786000,1.786000,16185000000.000000,33297000000.000000,118928000000.000000,118928000000.000000,0.000000,0.044000,0.106000,0.131000,0.183000,-173000000.000000,30892000000.000000,1.000000,6035725446.000000,6035725446.000000,,19.704000,146529000000.000000,2044000000.000000,6253000000.000000,30116000000.000000,24.277000
ARY,2008-12-31,2009-02-25,2008-12-31,2008-FY,-19734000000.000000,139730313973.000000,2025-04-29,-17057000000.000000,265245000000.000000,278120000000.000000,22556000000.000000,242689000000.000000,0.446000,16.349000,-19676000000.000000,1792000000.000000,1792000000.000000,49895000000.000000,12867000000.000000,0.533000,1.753000,74991000000.000000,14119000000.000000,60872000000.000000,74991000000.000000,3849000000.000000,19883000000.000000,0.000000,0.068000,1.610000,23293000000.000000,43176000000.000000,0.348000,43176000000.000000,23293000000.000000,19903000000.000000,2.170000,2.160000,2.170000,96347000000.000000,108265000000.000000,96347000000.000000,212929313973.000000,9.000000,4.932000,13980000000.000000,2.372000,1.000000,74133000000.000000,0.598000,135541000000.000000,3390000000.000000,160613000000.000000,174227000000.000000,0.000000,2332000000.000000,0.000000,2332000000.000000,168898000000.000000,42290000000.000000,126608000000.000000,-178000000.000000,-9357000000.000000,-5758000000.000000,10423000000.000000,-9507000000.000000,-4691000000.000000,-29143000000.000000,504000000.000000,33656000000.000000,0.000000,12867000000.000000,12867000000.000000,12867000000.000000,0.000000,0.000000,0.104000,51070000000.000000,23063000000.000000,20032000000.000000,0.742000,1.450000,10.860000,10.926000,99088000000.000000,0.000000,23.710000,1.127000,1.127000,16047000000.000000,36591000000.000000,124028000000.000000,124028000000.000000,0.000000,0.046000,0.119000,0.134000,0.188000,-15000000.000000,31187000000.000000,1.000000,5893307211.000000,5893307211.000000,,21.046000,129704000000.000000,1014000000.000000,7036000000.000000,21070000000.000000,22.009000
ARY,2009-12-31,2010-02-25,2009-12-31,2009-FY,-12371000000.000000,146194383829.000000,2025-04-29,-14408000000.000000,268752000000.000000,266899000000.000000,24334000000.000000,244418000000.000000,0.461000,17.265000,-16595000000.000000,3802000000.000000,3802000000.000000,50405000000.000000,12843000000.000000,0.663000,1.633000,72081000000.000000,7361000000.000000,64720000000.000000,72081000000.000000,4170000000.000000,19714000000.000000,0.000000,0.067000,1.650000,22070000000.000000,41784000000.000000,0.340000,41784000000.000000,22070000000.000000,18691000000.000000,2.120000,2.120000,2.120000,101900000000.000000,99343250000.000000,101900000000.000000,214473383829.000000,10.000000,5.133000,17850000000.000000,3.024000,1.000000,72613000000.000000,0.590000,135082000000.000000,3379000000.000000,165244000000.000000,165614000000.000000,0.000000,2921000000.000000,0.000000,2921000000.000000,166427000000.000000,36705000000.000000,129722000000.000000,2010000000.000000,-696000000.000000,28000000.000000,-4403000000.000000,-9670000000.000000,-14510000000.000000,-17925000000.000000,55000000.000000,34445000000.000000,0.000000,12535000000.000000,12535000000.000000,12535000000.000000,0.000000,308000000.000000,0.102000,51121000000.000000,21492000000.000000,20999000000.000000,0.778000,1.435000,11.663000,11.684000,100093000000.000000,0.000000,24.770000,1.188000,1.188000,14978000000.000000,39366000000.000000,123018000000.000000,123018000000.000000,0.000000,0.047000,0.126000,0.133000,0.179000,0.000000,31407000000.000000,1.000000,5902074438.000000,5902074438.000000,,20.843000,133670000000.000000,1274000000.000000,6156000000.000000,25499000000.000000,22.648000
ARY,2010-12-31,2011-03-01,2010-12-31,2010-FY,-14000000000.000000,165993050434.000000,2025-04-29,2712000000.000000,268488000000.000000,267749250000.000000,19951000000.000000,248537000000.000000,0.464000,18.887000,-19530000000.000000,1437000000.000000,1437000000.000000,52263000000.000000,20179000000.000000,0.588000,1.402000,66167000000.000000,7196000000.000000,58971000000.000000,66167000000.000000,4086000000.000000,19379000000.000000,0.000000,0.060000,1.690000,21696000000.000000,41075000000.000000,0.331000,41075000000.000000,21696000000.000000,18702000000.000000,3.360000,3.350000,3.360000,111647000000.000000,107427500000.000000,111647000000.000000,230723050434.000000,11.000000,5.617000,15463000000.000000,2.616000,1.000000,72017000000.000000,0.579000,134121000000.000000,2994000000.000000,165146000000.000000,164853250000.000000,0.000000,4515000000.000000,0.000000,4515000000.000000,156538000000.000000,33951000000.000000,122587000000.000000,-2304000000.000000,-1076000000.000000,50000000.000000,-5467000000.000000,-9916000000.000000,-15848000000.000000,-21449000000.000000,-100000000.000000,34993000000.000000,0.000000,19864000000.000000,19864000000.000000,19864000000.000000,-779000000.000000,315000000.000000,0.160000,52444000000.000000,19573000000.000000,20055000000.000000,0.503000,1.487000,8.356000,8.357000,103196000000.000000,0.000000,28.080000,1.336000,1.336000,13610000000.000000,31792000000.000000,124280000000.000000,124280000000.000000,0.000000,0.074000,0.185000,0.132000,0.175000,0.000000,33065000000.000000,1.000000,5911433420.000000,5911433420.000000,,21.024000,134367000000.000000,1170000000.000000,-1162000000.000000,22142000000.000000,22.730000
ARY,2011-12-31,2012-02-24,2011-12-31,2011-FY,-7767000000.000000,179878325243.000000,2025-04-29,3180000000.000000,270344000000.000000,272024000000.000000,23027000000.000000,247317000000.000000,0.466000,17.800000,-20110000000.000000,3185000000.000000,3185000000.000000,57374000000.000000,4184000000.000000,0.748000,1.559000,64753000000.000000,3453000000.000000,61300000000.000000,64753000000.000000,3872000000.000000,18377000000.000000,0.000000,0.057000,1.730000,10011000000.000000,28388000000.000000,0.224000,28388000000.000000,10011000000.000000,6476000000.000000,0.660000,0.660000,0.660000,105534000000.000000,111374000000.000000,105534000000.000000,241446325243.000000,24.000000,8.505000,14538000000.000000,2.452000,1.000000,69349000000.000000,0.547000,130185000000.000000,3535000000.000000,170933000000.000000,168880500000.000000,0.000000,3718000000.000000,0.000000,3718000000.000000,164547000000.000000,30794000000.000000,133753000000.000000,1748000000.000000,-1067000000.000000,237000000.000000,-1263000000.000000,-10172000000.000000,-11650000000.000000,-21250000000.000000,62000000.000000,34648000000.000000,0.000000,3944000000.000000,3944000000.000000,3944000000.000000,0.000000,240000000.000000,0.031000,60131000000.000000,9218000000.000000,19858000000.000000,2.621000,1.704000,45.608000,45.970000,107087000000.000000,0.000000,30.340000,1.419000,1.419000,13606000000.000000,25453000000.000000,126723000000.000000,126723000000.000000,0.000000,0.014000,0.035000,0.059000,0.079000,0.000000,38844000000.000000,1.000000,5928751656.000000,5928751656.000000,,21.374000,140159000000.000000,1470000000.000000,2532000000.000000,26751000000.000000,23.641000
ARY,2012-12-31,2013-02-22,2012-12-31,2012-FY,-9081000000.000000,195940626568.000000,2025-04-29,5236000000.000000,272315000000.000000,268703500000.000000,22706000000.000000,249609000000.000000,0.474000,16.819000,-19465000000.000000,4868000000.000000,4868000000.000000,55215000000.000000,7539000000.000000,0.714000,1.945000,69844000000.000000,3486000000.000000,66358000000.000000,69844000000.000000,3808000000.000000,18143000000.000000,0.000000,0.050000,1.770000,13608000000.000000,31751000000.000000,0.249000,31751000000.000000,13608000000.000000,10164000000.000000,1.250000,1.250000,1.250000,92362000000.000000,100374500000.000000,92362000000.000000,260916626568.000000,19.000000,8.218000,19711000000.000000,3.589000,1.000000,72219000000.000000,0.567000,128548000000.000000,3444000000.000000,176956000000.000000,171535500000.000000,0.000000,4581000000.000000,0.000000,4581000000.000000,179620000000.000000,31787000000.000000,147833000000.000000,1823000000.000000,-16000000.000000,-12275000000.000000,4754000000.000000,-10241000000.000000,-17673000000.000000,-19680000000.000000,65000000.000000,39176000000.000000,0.000000,7264000000.000000,7264000000.000000,7264000000.000000,0.000000,275000000.000000,0.057000,59222000000.000000,12997000000.000000,20911000000.000000,1.416000,2.121000,26.974000,28.544000,109767000000.000000,0.000000,35.680000,1.538000,1.538000,12657000000.000000,22481000000.000000,127434000000.000000,127434000000.000000,0.000000,0.027000,0.072000,0.079000,0.107000,0.000000,41079000000.000000,1.000000,5491609489.000000,5491609489.000000,,23.205000,143767000000.000000,1036000000.000000,2900000000.000000,29517000000.000000,26.179000
ARY,2013-12-31,2014-02-21,2013-12-31,2013-FY,-11799000000.000000,170784663272.000000,2025-04-29,7880000000.000000,277787000000.000000,273868250000.000000,23196000000.000000,254591000000.000000,0.470000,17.475000,-20944000000.000000,3339000000.000000,3339000000.000000,51464000000.000000,18553000000.000000,0.663000,2.048000,74788000000.000000,5498000000.000000,69290000000.000000,74788000000.000000,4212000000.000000,18395000000.000000,0.000000,0.055000,1.810000,31413000000.000000,49808000000.000000,0.387000,49808000000.000000,31413000000.000000,27473000000.000000,3.390000,3.390000,3.390000,90988000000.000000,87670250000.000000,90988000000.000000,242233663272.000000,8.000000,4.863000,13852000000.000000,2.660000,1.000000,77288000000.000000,0.600000,131485000000.000000,3940000000.000000,182756000000.000000,181961250000.000000,0.000000,3860000000.000000,0.000000,3860000000.000000,186305000000.000000,34995000000.000000,151310000000.000000,-1529000000.000000,-2190000000.000000,-12914000000.000000,9158000000.000000,-9696000000.000000,-13201000000.000000,-23124000000.000000,301000000.000000,34796000000.000000,0.000000,18249000000.000000,18249000000.000000,18249000000.000000,0.000000,304000000.000000,0.142000,46809000000.000000,30479000000.000000,21107000000.000000,0.534000,1.877000,9.359000,9.676000,110968000000.000000,0.000000,32.800000,1.326000,1.326000,12918000000.000000,31141000000.000000,128752000000.000000,128752000000.000000,0.000000,0.067000,0.208000,0.173000,0.244000,0.000000,28414000000.000000,1.000000,5206849490.000000,5206849490.000000,,24.727000,146302000000.000000,1199000000.000000,9224000000.000000,38082000000.000000,28.098000
ARY,2014-12-31,2015-02-20,2014-12-31,2014-FY,-5254000000.000000,176880920430.000000,2025-04-29,8060000000.000000,292829000000.000000,289893500000.000000,32028000000.000000,260801000000.000000,0.457000,16.641000,-21199000000.000000,8603000000.000000,8603000000.000000,60611000000.000000,6518000000.000000,0.859000,2.384000,82067000000.000000,6056000000.000000,76011000000.000000,82067000000.000000,4105000000.000000,18273000000.000000,0.000000,0.054000,1.850000,13279000000.000000,31552000000.000000,0.238000,31552000000.000000,13279000000.000000,9666000000.000000,1.190000,1.190000,1.190000,86370000000.000000,90505250000.000000,86370000000.000000,250344920430.000000,19.000000,7.934000,10139000000.000000,1.954000,1.000000,71836000000.000000,0.542000,136655000000.000000,3613000000.000000,192356000000.000000,187142000000.000000,0.000000,250000000.000000,0.000000,250000000.000000,205905000000.000000,37282000000.000000,168623000000.000000,5264000000.000000,4982000000.000000,-1578000000.000000,5617000000.000000,-9552000000.000000,-7737000000.000000,-18337000000.000000,-1886000000.000000,31338000000.000000,0.000000,6224000000.000000,6224000000.000000,6224000000.000000,0.000000,294000000.000000,0.047000,60090000000.000000,11746000000.000000,23592000000.000000,1.555000,2.048000,28.419000,28.639000,112898000000.000000,0.000000,34.080000,1.335000,1.335000,14527000000.000000,27736000000.000000,132447000000.000000,132447000000.000000,0.000000,0.021000,0.069000,0.071000,0.100000,0.000000,39697000000.000000,1.000000,5190167853.000000,5190167853.000000,,25.519000,156174000000.000000,1142000000.000000,3442000000.000000,38635000000.000000,30.090000
ARY,2015-12-31,2016-02-18,2015-12-31,2015-FY,-11824000000.000000,227533217137.000000,2025-04-29,5334000000.000000,402672000000.000000,359294500000.000000,35992000000.000000,366680000000.000000,0.409000,19.943000,-19218000000.000000,5121000000.000000,5121000000.000000,67046000000.000000,13687000000.000000,0.753000,2.275000,126151000000.000000,7636000000.000000,118515000000.000000,126151000000.000000,4682000000.000000,22016000000.000000,0.000000,0.051000,1.890000,24470000000.000000,46486000000.000000,0.317000,46486000000.000000,24470000000.000000,20350000000.000000,2.370000,2.370000,2.370000,122671000000.000000,104463250000.000000,122671000000.000000,348563217137.000000,14.000000,7.498000,16662000000.000000,2.709000,1.000000,79755000000.000000,0.543000,225278000000.000000,4120000000.000000,250608000000.000000,230506250000.000000,0.000000,1606000000.000000,0.000000,1606000000.000000,279032000000.000000,47816000000.000000,231216000000.000000,-3482000000.000000,-30676000000.000000,-126000000.000000,23926000000.000000,-10200000000.000000,9782000000.000000,-49144000000.000000,1546000000.000000,35880000000.000000,0.000000,13345000000.000000,13345000000.000000,13345000000.000000,0.000000,342000000.000000,0.091000,54970000000.000000,24785000000.000000,30372000000.000000,0.797000,1.855000,17.050000,15.608000,124450000000.000000,0.000000,36.990000,1.550000,1.550000,16532000000.000000,33671000000.000000,146801000000.000000,146801000000.000000,0.000000,0.037000,0.128000,0.106000,0.167000,0.000000,32954000000.000000,1.000000,6151208898.000000,6151208898.000000,,23.865000,177394000000.000000,0.000000,7005000000.000000,58357000000.000000,28.839000
ARY,2016-12-31,2017-02-17,2016-12-31,2016-FY,-12207000000.000000,254752329490.000000,2025-04-29,4961000000.000000,403821000000.000000,403060500000.000000,38369000000.000000,365452000000.000000,0.406000,20.049000,-21516000000.000000,5788000000.000000,5788000000.000000,76884000000.000000,13333000000.000000,0.759000,2.272000,123513000000.000000,9832000000.000000,113681000000.000000,123513000000.000000,4519000000.000000,25847000000.000000,0.000000,0.047000,1.930000,24365000000.000000,50212000000.000000,0.307000,50212000000.000000,24365000000.000000,19455000000.000000,2.100000,2.100000,2.100000,123135000000.000000,123395000000.000000,123135000000.000000,372477329490.000000,15.000000,7.418000,17828000000.000000,2.903000,1.000000,86902000000.000000,0.531000,222067000000.000000,4910000000.000000,248903000000.000000,251350750000.000000,0.000000,1674000000.000000,0.000000,1674000000.000000,279711000000.000000,50576000000.000000,229135000000.000000,667000000.000000,-2313000000.000000,-366000000.000000,-683000000.000000,-11797000000.000000,-14462000000.000000,-24215000000.000000,506000000.000000,39344000000.000000,0.000000,12976000000.000000,12976000000.000000,12976000000.000000,0.000000,357000000.000000,0.079000,62555000000.000000,24347000000.000000,31138000000.000000,0.919000,2.069000,19.633000,19.752000,124899000000.000000,0.000000,41.480000,1.555000,1.555000,16794000000.000000,34734000000.000000,163786000000.000000,163786000000.000000,0.000000,0.032000,0.105000,0.097000,0.149000,0.000000,36347000000.000000,1.000000,6141570142.000000,6141570142.000000,,26.668000,181754000000.000000,0.000000,6479000000.000000,62207000000.000000,29.594000
ARY,2017-12-31,2018-02-20,2017-12-31,2017-FY,-2243000000.000000,225824157600.000000,2025-04-29,7017000000.000000,444097000000.000000,430165000000.000000,79146000000.000000,364951000000.000000,0.373000,22.936000,-20647000000.000000,50498000000.000000,50498000000.000000,77379000000.000000,29847000000.000000,0.972000,2.145000,164346000000.000000,38374000000.000000,125972000000.000000,164346000000.000000,4213000000.000000,24387000000.000000,0.000000,0.054000,1.970000,21042000000.000000,45429000000.000000,0.283000,45429000000.000000,21042000000.000000,14742000000.000000,4.770000,4.760000,4.770000,140861000000.000000,128596750000.000000,140861000000.000000,339672157600.000000,16.000000,7.477000,18504000000.000000,3.013000,1.000000,83167000000.000000,0.518000,219725000000.000000,6300000000.000000,256831000000.000000,268355000000.000000,0.000000,1560000000.000000,0.000000,1560000000.000000,302090000000.000000,81389000000.000000,220701000000.000000,44710000000.000000,1182000000.000000,-430000000.000000,36454000000.000000,-12038000000.000000,25930000000.000000,-20371000000.000000,-4000000.000000,39151000000.000000,0.000000,29450000000.000000,29450000000.000000,29450000000.000000,0.000000,397000000.000000,0.183000,62218000000.000000,20949000000.000000,34470000000.000000,0.413000,1.603000,7.668000,7.709000,125222000000.000000,0.000000,36.770000,1.407000,1.407000,16522000000.000000,50500000000.000000,160546000000.000000,160546000000.000000,0.000000,0.068000,0.229000,0.078000,0.131000,0.000000,34917000000.000000,1.000000,6141532706.000000,6141532706.000000,,26.141000,224372000000.000000,0.000000,-14708000000.000000,44469000000.000000,36.534000
ARY,2018-12-31,2019-02-20,2018-12-31,2018-FY,-12993000000.000000,224729597891.000000,2025-04-29,4249000000.000000,531864000000.000000,511942000000.000000,51427000000.000000,480437000000.000000,0.334000,25.271000,-20758000000.000000,5204000000.000000,5204000000.000000,79419000000.000000,19953000000.000000,0.798000,1.836000,176505000000.000000,10255000000.000000,166250000000.000000,176505000000.000000,5948000000.000000,28430000000.000000,0.000000,0.065000,2.010000,32247000000.000000,60677000000.000000,0.355000,60677000000.000000,32247000000.000000,24290000000.000000,2.850000,2.850000,2.850000,184089000000.000000,174209250000.000000,184089000000.000000,396030597891.000000,12.000000,6.527000,22844000000.000000,3.136000,1.000000,91337000000.000000,0.535000,293128000000.000000,7957000000.000000,345617000000.000000,328281750000.000000,7713000000.000000,6245000000.000000,0.000000,6245000000.000000,337980000000.000000,64420000000.000000,273560000000.000000,-45532000000.000000,-41711000000.000000,136000000.000000,-8789000000.000000,-13410000000.000000,-25989000000.000000,-63145000000.000000,-185000000.000000,43602000000.000000,0.000000,19370000000.000000,19370000000.000000,19370000000.000000,0.000000,583000000.000000,0.113000,65241000000.000000,26096000000.000000,43184000000.000000,0.705000,1.221000,11.602000,10.825000,148542000000.000000,0.000000,30.850000,1.316000,1.316000,26472000000.000000,58753000000.000000,170756000000.000000,170756000000.000000,0.000000,0.038000,0.111000,0.098000,0.189000,0.000000,36765000000.000000,1.000000,7284589883.000000,7284589883.000000,,23.441000,238736000000.000000,0.000000,4920000000.000000,59038000000.000000,32.773000
ARY,2019-12-31,2020-02-20,2019-12-31,2019-FY,-14150000000.000000,276945053943.000000,2025-04-29,5470000000.000000,551669000000.000000,548940750000.000000,54761000000.000000,496908000000.000000,0.330000,25.683000,-19435000000.000000,12130000000.000000,12130000000.000000,84141000000.000000,14975000000.000000,0.795000,1.898000,184951000000.000000,11838000000.000000,173113000000.000000,184951000000.000000,6124000000.000000,28217000000.000000,0.000000,0.053000,2.050000,25818000000.000000,54035000000.000000,0.298000,54035000000.000000,25818000000.000000,17396000000.000000,1.900000,1.890000,1.900000,184221000000.000000,184159750000.000000,184221000000.000000,449766053943.000000,17.000000,8.324000,29233000000.000000,4.075000,1.000000,97052000000.000000,0.536000,288513000000.000000,8422000000.000000,367066000000.000000,372803750000.000000,12434000000.000000,3695000000.000000,0.000000,3695000000.000000,349735000000.000000,68911000000.000000,280824000000.000000,6895000000.000000,2510000000.000000,-1786000000.000000,-16771000000.000000,-14888000000.000000,-25083000000.000000,-16690000000.000000,435000000.000000,48668000000.000000,0.000000,13903000000.000000,13900000000.000000,13900000000.000000,0.000000,1072000000.000000,0.077000,69097000000.000000,27955000000.000000,45956000000.000000,1.079000,1.503000,19.924000,20.321000,169512000000.000000,3000000.000000,38.610000,1.528000,1.528000,22636000000.000000,57936000000.000000,181193000000.000000,181193000000.000000,0.000000,0.025000,0.075000,0.069000,0.142000,0.000000,39422000000.000000,1.000000,7172884070.000000,7172884070.000000,,25.261000,263156000000.000000,0.000000,3493000000.000000,60714000000.000000,36.688000
ARY,2020-12-31,2021-02-25,2020-12-31,2020-FY,-11430000000.000000,204182388890.000000,2025-04-29,4330000000.000000,525761000000.000000,539391500000.000000,52008000000.000000,473753000000.000000,0.318000,22.669000,-15675000000.000000,9740000000.000000,9740000000.000000,79920000000.000000,-3821000000.000000,0.820000,2.143000,179447000000.000000,3470000000.000000,175977000000.000000,179447000000.000000,6176000000.000000,28516000000.000000,0.000000,0.073000,2.080000,3714000000.000000,32230000000.000000,0.188000,32230000000.000000,3714000000.000000,-4211000000.000000,-0.750000,-0.750000,-0.750000,161673000000.000000,172725250000.000000,161673000000.000000,373889388890.000000,101.000000,11.601000,27455000000.000000,3.850000,1.000000,91840000000.000000,0.535000,267782000000.000000,7925000000.000000,364248000000.000000,366428000000.000000,14752000000.000000,1780000000.000000,0.000000,1780000000.000000,346521000000.000000,63438000000.000000,283083000000.000000,-2425000000.000000,1630000000.000000,-5393000000.000000,-10986000000.000000,-14956000000.000000,-32007000000.000000,-13548000000.000000,497000000.000000,43130000000.000000,0.000000,-5176000000.000000,-5369000000.000000,-5369000000.000000,0.000000,1355000000.000000,-0.031000,85435000000.000000,6405000000.000000,49032000000.000000,-2.773000,1.263000,-38.030000,-38.173000,165822000000.000000,193000000.000000,28.630000,1.189000,1.189000,20215000000.000000,37457000000.000000,171760000000.000000,171760000000.000000,0.000000,-0.010000,-0.031000,0.010000,0.022000,0.000000,38039000000.000000,1.000000,7131763496.000000,7131763496.000000,,24.084000,257979000000.000000,0.000000,965000000.000000,61491000000.000000,36.173000
ARY,2021-12-31,2022-02-16,2021-12-31,2021-FY,-25591000000.000000,171000852220.000000,2025-04-29,3529000000.000000,551622000000.000000,547606000000.000000,59997000000.000000,491625000000.000000,0.308000,23.286000,-16527000000.000000,21169000000.000000,21169000000.000000,79807000000.000000,21479000000.000000,0.701000,2.211000,199956000000.000000,25875000000.000000,174081000000.000000,199956000000.000000,5303000000.000000,22862000000.000000,0.000000,0.087000,2.080000,32433000000.000000,55295000000.000000,0.327000,55295000000.000000,32433000000.000000,25549000000.000000,2.770000,2.760000,2.770000,166332000000.000000,164471750000.000000,166332000000.000000,349787852220.000000,11.000000,6.326000,25430000000.000000,3.560000,1.000000,89057000000.000000,0.527000,280774000000.000000,6884000000.000000,364047000000.000000,381466000000.000000,22447000000.000000,7274000000.000000,0.000000,7274000000.000000,367767000000.000000,85588000000.000000,282179000000.000000,11446000000.000000,-15390000000.000000,-106000000.000000,19196000000.000000,-15068000000.000000,1578000000.000000,-32089000000.000000,0.000000,41957000000.000000,0.000000,20081000000.000000,19874000000.000000,19874000000.000000,0.000000,1398000000.000000,0.118000,65710000000.000000,23347000000.000000,50661000000.000000,0.751000,1.028000,8.604000,8.643000,162026000000.000000,207000000.000000,23.940000,1.013000,1.013000,17571000000.000000,42350000000.000000,168864000000.000000,168864000000.000000,0.000000,0.036000,0.121000,0.085000,0.192000,0.000000,37944000000.000000,1.000000,7142892741.000000,7142892741.000000,,23.641000,270848000000.000000,0.000000,5468000000.000000,65226000000.000000,37.919000
ARY,2022-12-31,2023-02-13,2022-12-31,2022-FY,-23065000000.000000,137321302421.000000,2025-04-29,2766000000.000000,402853000000.000000,458236000000.000000,33108000000.000000,369745000000.000000,0.263000,13.675000,-19626000000.000000,3701000000.000000,3701000000.000000,50848000000.000000,-7055000000.000000,0.589000,3.040000,154679000000.000000,7597000000.000000,147082000000.000000,154679000000.000000,3918000000.000000,18021000000.000000,0.000000,0.058000,1.110000,1364000000.000000,19385000000.000000,0.161000,19385000000.000000,1364000000.000000,-4744000000.000000,-1.130000,-1.130000,-1.130000,97500000000.000000,126672000000.000000,97500000000.000000,288299302421.000000,211.000000,14.872000,12397000000.000000,1.739000,1.000000,69893000000.000000,0.579000,197341000000.000000,6108000000.000000,300317000000.000000,328649250000.000000,3123000000.000000,3533000000.000000,0.000000,3533000000.000000,296396000000.000000,56173000000.000000,240223000000.000000,-17523000000.000000,-7352000000.000000,-862000000.000000,-42956000000.000000,-9859000000.000000,-23741000000.000000,-25805000000.000000,0.000000,32023000000.000000,0.000000,-8524000000.000000,-8727000000.000000,-8727000000.000000,181000000.000000,1469000000.000000,-0.072000,74480000000.000000,-4587000000.000000,42644000000.000000,-0.982000,1.408000,-15.735000,-17.044000,149259000000.000000,203000000.000000,19.260000,1.137000,1.137000,11466000000.000000,-19415000000.000000,120741000000.000000,120741000000.000000,0.000000,-0.019000,-0.069000,0.004000,0.011000,0.000000,28961000000.000000,1.000000,7129870323.000000,7129870323.000000,,16.935000,205512000000.000000,0.000000,3780000000.000000,57032000000.000000,28.824000
ARY,2023-12-31,2024-02-23,2023-12-31,2023-FY,-14669000000.000000,120166909850.000000,2025-04-29,2300000000.000000,407060000000.000000,405771000000.000000,36458000000.000000,370602000000.000000,0.302000,14.441000,-17853000000.000000,6722000000.000000,6722000000.000000,50123000000.000000,15623000000.000000,0.713000,2.804000,154899000000.000000,9477000000.000000,145422000000.000000,154899000000.000000,3778000000.000000,18777000000.000000,0.000000,0.066000,1.110000,25329000000.000000,44106000000.000000,0.360000,44106000000.000000,25329000000.000000,18625000000.000000,1.970000,1.970000,1.970000,103297000000.000000,102074750000.000000,103297000000.000000,268343909850.000000,11.000000,6.084000,20461000000.000000,2.861000,1.000000,72305000000.000000,0.591000,200356000000.000000,6704000000.000000,303754000000.000000,303208250000.000000,2177000000.000000,1251000000.000000,0.000000,1251000000.000000,289618000000.000000,51127000000.000000,238491000000.000000,3040000000.000000,-821000000.000000,-191000000.000000,-6835000000.000000,-8136000000.000000,-15614000000.000000,-19660000000.000000,-902000000.000000,38314000000.000000,0.000000,14400000000.000000,14192000000.000000,14192000000.000000,0.000000,1223000000.000000,0.116000,48844000000.000000,23461000000.000000,35852000000.000000,0.563000,1.163000,8.467000,8.528000,149394000000.000000,208000000.000000,16.800000,0.982000,0.982000,10289000000.000000,-5015000000.000000,122428000000.000000,122428000000.000000,0.000000,0.035000,0.139000,0.084000,0.207000,0.000000,28874000000.000000,1.000000,7152792253.000000,7152792253.000000,,17.116000,206704000000.000000,0.000000,4225000000.000000,58666000000.000000,28.898000
ARY,2024-12-31,2025-02-12,2024-12-31,2024-FY,-15704000000.000000,182038720880.000000,2025-04-29,795000000.000000,394795000000.000000,396492000000.000000,31168000000.000000,363627000000.000000,0.309000,14.540000,-20263000000.000000,3298000000.000000,3298000000.000000,49221000000.000000,12253000000.000000,0.665000,2.650000,140923000000.000000,5089000000.000000,135834000000.000000,140923000000.000000,4099000000.000000,20580000000.000000,0.000000,0.044000,1.113000,22152000000.000000,42732000000.000000,0.349000,42732000000.000000,22152000000.000000,15393000000.000000,1.490000,1.490000,1.490000,104372000000.000000,104143250000.000000,104372000000.000000,319663720880.000000,14.000000,7.481000,18508000000.000000,2.578000,1.000000,73115000000.000000,0.598000,195722000000.000000,6759000000.000000,289826000000.000000,297816250000.000000,2270000000.000000,295000000.000000,0.000000,295000000.000000,276550000000.000000,46872000000.000000,229678000000.000000,-3427000000.000000,623000000.000000,-200000000.000000,-14066000000.000000,-8208000000.000000,-24708000000.000000,-17490000000.000000,2575000000.000000,38771000000.000000,0.000000,10948000000.000000,10746000000.000000,10746000000.000000,0.000000,1305000000.000000,0.088000,54066000000.000000,19049000000.000000,35657000000.000000,0.747000,1.744000,16.940000,17.020000,149780000000.000000,202000000.000000,25.360000,1.488000,1.488000,9638000000.000000,1871000000.000000,122336000000.000000,122336000000.000000,0.000000,0.027000,0.103000,0.074000,0.181000,0.000000,28411000000.000000,1.000000,7178183000.000000,7178183000.000000,,17.043000,199073000000.000000,0.000000,4445000000.000000,58939000000.000000,27.733000
MRQ,1995-12-31,1995-12-31,1995-12-31,1995-Q4,-1377000000.000000,,2025-04-29,-581000000.000000,22002000000.000000,,3679000000.000000,18323000000.000000,,5.136000,,490000000.000000,490000000.000000,,,0.728000,2.517000,7352000000.000000,1680000000.000000,5672000000.000000,7352000000.000000,0.000000,,0.000000,0.029000,0.206000,,,,,,,,,,6256000000.000000,,6256000000.000000,,,,,,1.000000,,,2679000000.000000,,21129000000.000000,,131000000.000000,1896000000.000000,310000000.000000,1586000000.000000,15746000000.000000,5056000000.000000,10690000000.000000,,,,,,,,,,,,,,,,,,,3125000000.000000,,,,-34.488000,12988000000.000000,,28.625000,,1.606000,2389000000.000000,672000000.000000,,,,,,,,,,1.000000,,1218000000.000000,,,19323000000.000000,0.000000,,1010000000.000000,15.865000
MRQ,1996-03-31,1996-03-31,1996-03-31,1996-Q1,,,2025-04-29,,,,,,,,-635000000.000000,,,1076000000.000000,464000000.000000,,,,,,,,546000000.000000,,0.031000,0.206000,849000000.000000,1395000000.000000,0.436000,1395000000.000000,849000000.000000,729000000.000000,0.380000,,0.380000,,,,,,,281000000.000000,0.231000,1.000000,2121000000.000000,0.663000,,120000000.000000,,,,,,,,,,81000000.000000,41000000.000000,-61000000.000000,130000000.000000,-225000000.000000,-156000000.000000,-679000000.000000,-85000000.000000,916000000.000000,0.000000,464000000.000000,464000000.000000,464000000.000000,0.000000,0.000000,0.145000,1321000000.000000,800000000.000000,,0.542000,,,,,0.000000,26.688000,,,,,3197000000.000000,3197000000.000000,0.000000,,,,,0.000000,775000000.000000,1.000000,,1218000000.000000,,2.625000,,,265000000.000000,,
MRQ,1996-06-30,1996-06-30,1996-06-30,1996-Q2,,,2025-04-29,,,,,,,,-1726000000.000000,,,1937000000.000000,803000000.000000,,,,,,,,1483000000.000000,,0.034000,0.215000,1525000000.000000,3008000000.000000,0.524000,3008000000.000000,1525000000.000000,1312000000.000000,0.435000,,0.435000,,,,,,,562000000.000000,0.304000,1.000000,3801000000.000000,0.662000,,213000000.000000,,,,,,,,,,-225000000.000000,-76000000.000000,26000000.000000,-760000000.000000,-691000000.000000,-415000000.000000,-2098000000.000000,-296000000.000000,2288000000.000000,0.000000,803000000.000000,803000000.000000,803000000.000000,0.000000,0.000000,0.140000,2312000000.000000,1489000000.000000,,0.494000,,,,,0.000000,24.562000,,,,,5738000000.000000,5738000000.000000,0.000000,,,,,0.000000,1294000000.000000,1.000000,,1846000000.000000,,3.108000,,,509000000.000000,,
MRQ,1996-09-30,1996-09-30,1996-09-30,1996-Q3,,,2025-04-29,,,,,,,,-1333000000.000000,,,2075000000.000000,867000000.000000,,,,,,,,1041000000.000000,,0.035000,0.215000,1580000000.000000,2621000000.000000,0.440000,2621000000.000000,1580000000.000000,1387000000.000000,0.470000,,0.470000,,,,,,,496000000.000000,0.269000,1.000000,3882000000.000000,0.652000,,193000000.000000,,,,,,,,,,348000000.000000,-130000000.000000,-227000000.000000,401000000.000000,-381000000.000000,-218000000.000000,-1263000000.000000,200000000.000000,1829000000.000000,0.000000,867000000.000000,867000000.000000,867000000.000000,0.000000,0.000000,0.146000,2350000000.000000,1532000000.000000,,0.457000,,,,,0.000000,24.060000,,,,,5957000000.000000,5957000000.000000,0.000000,,,,,0.000000,1309000000.000000,1.000000,,1844000000.000000,,3.230000,,,520000000.000000,,
MRQ,1996-12-31,1996-12-31,1996-12-31,1996-Q4,-3041000000.000000,31067950612.000000,2025-04-29,-637000000.000000,39485000000.000000,,6271000000.000000,33214000000.000000,,7.942000,-2161000000.000000,314000000.000000,314000000.000000,8553000000.000000,919000000.000000,0.673000,3.096000,13265000000.000000,2335000000.000000,10930000000.000000,13265000000.000000,0.000000,1396000000.000000,0.000000,0.033000,0.215000,1748000000.000000,3144000000.000000,0.396000,3144000000.000000,1748000000.000000,1465000000.000000,0.395000,,0.395000,9641000000.000000,,9641000000.000000,,,,707000000.000000,0.582000,1.000000,-620000000.000000,-0.078000,3589000000.000000,283000000.000000,39535000000.000000,,0.000000,2396000000.000000,432000000.000000,1964000000.000000,29844000000.000000,9312000000.000000,20532000000.000000,-457000000.000000,-255000000.000000,-225000000.000000,-125000000.000000,-468000000.000000,-920000000.000000,-2405000000.000000,-8000000.000000,2868000000.000000,0.000000,919000000.000000,919000000.000000,919000000.000000,0.000000,0.000000,0.116000,-2367000000.000000,1747000000.000000,6584000000.000000,0.544000,3.222000,8.935000,14.573000,26080000000.000000,0.000000,25.940000,1.233000,1.250000,4684000000.000000,1297000000.000000,7933000000.000000,7933000000.000000,0.000000,,,,,0.000000,-3763000000.000000,1.000000,1197685066.000000,1214000000.000000,,6.535000,35896000000.000000,201000000.000000,546000000.000000,1351000000.000000,29.568000
MRQ,1997-03-31,1997-03-31,1997-03-31,1997-Q1,-1326000000.000000,31439232982.000000,2025-04-29,-534000000.000000,23737000000.000000,,4241000000.000000,19496000000.000000,,3.913000,-1263000000.000000,733000000.000000,733000000.000000,2173000000.000000,857000000.000000,0.762000,2.324000,7794000000.000000,2054000000.000000,5740000000.000000,7794000000.000000,0.000000,1068000000.000000,0.000000,0.041000,0.439000,1593000000.000000,2661000000.000000,0.446000,2661000000.000000,1593000000.000000,1385000000.000000,0.470000,0.470000,0.470000,7142000000.000000,,7142000000.000000,38424232982.000000,6.000000,3.361000,-516000000.000000,-0.283000,1.000000,3800000000.000000,0.636000,2466000000.000000,208000000.000000,22765000000.000000,,0.000000,2114000000.000000,307000000.000000,1807000000.000000,16595000000.000000,5567000000.000000,11028000000.000000,532000000.000000,294000000.000000,-65000000.000000,1095000000.000000,-393000000.000000,629000000.000000,-844000000.000000,125000000.000000,747000000.000000,0.000000,857000000.000000,857000000.000000,857000000.000000,0.000000,0.000000,0.143000,2214000000.000000,1586000000.000000,3245000000.000000,0.934000,4.402000,9.123000,14.831000,14126000000.000000,0.000000,26.250000,1.228000,1.871000,2379000000.000000,1989000000.000000,5973000000.000000,5973000000.000000,0.000000,,,,,0.000000,1146000000.000000,1.000000,1197685066.000000,1825000000.000000,1825000000.000000,3.273000,21271000000.000000,0.000000,528000000.000000,1094000000.000000,11.655000
MRQ,1997-06-30,1997-06-30,1997-06-30,1997-Q2,-4471000000.000000,56448401504.000000,2025-04-29,-555000000.000000,41246000000.000000,,7430000000.000000,33816000000.000000,,4.953000,-1508000000.000000,744000000.000000,744000000.000000,2223000000.000000,-787000000.000000,0.624000,3.560000,14852000000.000000,3754000000.000000,11098000000.000000,14852000000.000000,0.000000,1646000000.000000,0.000000,0.028000,0.000000,-942000000.000000,704000000.000000,0.119000,704000000.000000,-942000000.000000,-1187000000.000000,-0.430000,-0.430000,-0.430000,9045000000.000000,,9045000000.000000,63509401504.000000,16.000000,6.956000,402000000.000000,0.220000,1.000000,3698000000.000000,0.625000,3308000000.000000,245000000.000000,40145000000.000000,,0.000000,2737000000.000000,241000000.000000,2496000000.000000,32201000000.000000,11901000000.000000,20300000000.000000,-102000000.000000,-759000000.000000,51000000.000000,546000000.000000,-409000000.000000,189000000.000000,-2201000000.000000,66000000.000000,1910000000.000000,0.000000,-787000000.000000,-787000000.000000,-787000000.000000,0.000000,0.000000,-0.133000,4631000000.000000,-933000000.000000,7738000000.000000,0.000000,6.241000,30.414000,34.188000,26433000000.000000,0.000000,30.940000,2.189000,2.191000,4700000000.000000,551000000.000000,5921000000.000000,5921000000.000000,0.000000,,,,,0.000000,2985000000.000000,1.000000,1824447366.000000,1826000000.000000,1826000000.000000,3.243000,37938000000.000000,812000000.000000,-400000000.000000,1175000000.000000,20.777000
MRQ,1997-09-30,1997-09-30,1997-09-30,1997-Q3,-4110000000.000000,56207758642.000000,2025-04-29,-551000000.000000,42056000000.000000,,7623000000.000000,34433000000.000000,,5.214000,-1356000000.000000,705000000.000000,705000000.000000,2364000000.000000,816000000.000000,0.650000,3.410000,15084000000.000000,3448000000.000000,11636000000.000000,15084000000.000000,0.000000,1086000000.000000,0.000000,0.029000,0.224000,1508000000.000000,2594000000.000000,0.410000,2594000000.000000,1508000000.000000,1268000000.000000,0.450000,0.440000,0.450000,9536000000.000000,,9536000000.000000,70315758642.000000,18.000000,7.724000,517000000.000000,0.283000,1.000000,3965000000.000000,0.626000,3289000000.000000,240000000.000000,41413000000.000000,,0.000000,3226000000.000000,504000000.000000,2722000000.000000,32520000000.000000,11733000000.000000,20787000000.000000,-39000000.000000,-179000000.000000,63000000.000000,231000000.000000,-408000000.000000,-114000000.000000,-1798000000.000000,-263000000.000000,1873000000.000000,0.000000,816000000.000000,816000000.000000,816000000.000000,0.000000,0.000000,0.129000,2493000000.000000,1472000000.000000,5874000000.000000,0.498000,5.894000,31.140000,34.746000,26774000000.000000,0.000000,30.750000,2.149000,2.150000,4867000000.000000,958000000.000000,6329000000.000000,6329000000.000000,0.000000,,,,,0.000000,1407000000.000000,1.000000,1827894590.000000,1829000000.000000,1829000000.000000,3.460000,38767000000.000000,755000000.000000,452000000.000000,3211000000.000000,21.196000
MRQ,1997-12-31,1997-12-31,1997-12-31,1997-Q4,-3393000000.000000,67140069096.000000,2025-04-29,-574000000.000000,44836000000.000000,,7517000000.000000,37319000000.000000,,5.739000,-4729000000.000000,410000000.000000,410000000.000000,20967000000.000000,3201000000.000000,0.689000,3.262000,15315000000.000000,2139000000.000000,13176000000.000000,15315000000.000000,0.000000,3977000000.000000,0.000000,0.024000,0.224000,5929000000.000000,9906000000.000000,0.398000,9906000000.000000,5929000000.000000,5072000000.000000,0.730000,0.720000,0.730000,10520000000.000000,,10520000000.000000,81519069096.000000,10.000000,5.138000,2320000000.000000,1.266000,1.000000,3916000000.000000,0.157000,3663000000.000000,857000000.000000,45168000000.000000,,0.000000,3060000000.000000,320000000.000000,2740000000.000000,34316000000.000000,10910000000.000000,23406000000.000000,-211000000.000000,-575000000.000000,450000000.000000,-1112000000.000000,-1756000000.000000,-2154000000.000000,-5106000000.000000,185000000.000000,7049000000.000000,0.000000,3201000000.000000,3201000000.000000,3201000000.000000,0.000000,0.000000,0.129000,-1561000000.000000,5477000000.000000,8330000000.000000,0.307000,6.382000,16.428000,30.269000,29068000000.000000,0.000000,36.625000,1.558000,1.558000,5344000000.000000,1204000000.000000,24883000000.000000,24883000000.000000,0.000000,,,,,0.000000,-5538000000.000000,1.000000,1833175948.000000,1833175948.000000,,13.574000,41173000000.000000,660000000.000000,1871000000.000000,2000000000.000000,22.460000
MRQ,1998-03-31,1998-03-31,1998-03-31,1998-Q1,-2863000000.000000,79754411621.000000,2025-04-29,-582000000.000000,42114000000.000000,,6969000000.000000,35145000000.000000,,5.329000,-1175000000.000000,674000000.000000,674000000.000000,3879000000.000000,985000000.000000,0.709000,3.038000,14419000000.000000,2661000000.000000,11758000000.000000,14419000000.000000,0.000000,1201000000.000000,0.000000,0.015000,0.224000,1804000000.000000,3005000000.000000,0.438000,3005000000.000000,1804000000.000000,1548000000.000000,0.500000,0.500000,0.500000,10429000000.000000,,10429000000.000000,93328411621.000000,11.000000,5.758000,38000000.000000,0.019000,1.000000,2976000000.000000,0.434000,3238000000.000000,256000000.000000,42789000000.000000,,0.000000,2757000000.000000,176000000.000000,2581000000.000000,31685000000.000000,9832000000.000000,21853000000.000000,278000000.000000,94000000.000000,33000000.000000,404000000.000000,-437000000.000000,0.000000,-935000000.000000,144000000.000000,1213000000.000000,0.000000,985000000.000000,985000000.000000,985000000.000000,0.000000,0.000000,0.144000,1201000000.000000,1775000000.000000,6741000000.000000,0.448000,7.647000,18.922000,34.696000,27380000000.000000,0.000000,43.370000,1.813000,1.930000,4730000000.000000,1629000000.000000,6855000000.000000,6855000000.000000,0.000000,,,,,0.000000,0.000000,1.000000,1838930404.000000,1957000000.000000,1957000000.000000,3.503000,38876000000.000000,551000000.000000,563000000.000000,2321000000.000000,19.865000
MRQ,1998-06-30,1998-06-30,1998-06-30,1998-Q2,-2989000000.000000,73553771760.000000,2025-04-29,-650000000.000000,42600000000.000000,,7035000000.000000,35565000000.000000,,5.549000,-1556000000.000000,615000000.000000,615000000.000000,3978000000.000000,1020000000.000000,0.702000,2.921000,13758000000.000000,2211000000.000000,11547000000.000000,13758000000.000000,0.000000,1235000000.000000,0.000000,0.023000,0.234000,1851000000.000000,3086000000.000000,0.439000,3086000000.000000,1851000000.000000,1591000000.000000,0.520000,0.510000,0.520000,10865000000.000000,,10865000000.000000,87298771760.000000,8.000000,4.696000,982000000.000000,0.502000,1.000000,3052000000.000000,0.434000,3208000000.000000,260000000.000000,42511000000.000000,,0.000000,2575000000.000000,91000000.000000,2484000000.000000,31735000000.000000,10024000000.000000,21711000000.000000,-61000000.000000,-6000000.000000,-56000000.000000,-608000000.000000,-458000000.000000,-1122000000.000000,-1477000000.000000,84000000.000000,2538000000.000000,0.000000,1020000000.000000,1020000000.000000,1020000000.000000,0.000000,0.000000,0.145000,1235000000.000000,1817000000.000000,5919000000.000000,0.450000,6.770000,12.214000,18.182000,27758000000.000000,0.000000,40.000000,1.631000,1.737000,4847000000.000000,2167000000.000000,7030000000.000000,7030000000.000000,0.000000,,,,,0.000000,0.000000,1.000000,1838844294.000000,1958000000.000000,1958000000.000000,3.590000,39392000000.000000,678000000.000000,571000000.000000,3730000000.000000,20.118000
MRQ,1998-09-30,1998-09-30,1998-09-30,1998-Q3,-2401000000.000000,81538826750.000000,2025-04-29,-553000000.000000,42529000000.000000,,7158000000.000000,35371000000.000000,,5.898000,-1460000000.000000,779000000.000000,779000000.000000,4072000000.000000,1262000000.000000,0.749000,2.688000,12847000000.000000,1630000000.000000,11217000000.000000,12847000000.000000,0.000000,1241000000.000000,0.000000,0.021000,0.234000,2245000000.000000,3486000000.000000,0.483000,3486000000.000000,2245000000.000000,2001000000.000000,0.650000,0.640000,0.650000,11531000000.000000,,11531000000.000000,94681826750.000000,8.000000,4.860000,845000000.000000,0.432000,1.000000,3144000000.000000,0.436000,2742000000.000000,244000000.000000,42296000000.000000,,0.000000,2582000000.000000,37000000.000000,2545000000.000000,30998000000.000000,9559000000.000000,21439000000.000000,174000000.000000,591000000.000000,-241000000.000000,-624000000.000000,-455000000.000000,-1320000000.000000,-811000000.000000,55000000.000000,2305000000.000000,0.000000,1262000000.000000,1262000000.000000,1262000000.000000,0.000000,0.000000,0.175000,1241000000.000000,1903000000.000000,5889000000.000000,0.360000,7.071000,12.606000,18.492000,27920000000.000000,0.000000,44.380000,1.773000,1.887000,4895000000.000000,2947000000.000000,7216000000.000000,7216000000.000000,0.000000,,,,,0.000000,0.000000,1.000000,1837287669.000000,1955000000.000000,1955000000.000000,3.691000,39787000000.000000,504000000.000000,739000000.000000,3957000000.000000,20.351000
MRQ,1998-12-31,1998-12-31,1998-12-31,1998-Q4,-5543000000.000000,104901132663.000000,2025-04-29,-822000000.000000,74966000000.000000,,12697000000.000000,62269000000.000000,,11.643000,-4691000000.000000,599000000.000000,599000000.000000,15248000000.000000,4423000000.000000,0.696000,2.292000,21348000000.000000,4178000000.000000,17170000000.000000,21348000000.000000,0.000000,4164000000.000000,0.000000,0.017000,0.234000,7775000000.000000,11939000000.000000,0.475000,11939000000.000000,7775000000.000000,6930000000.000000,0.590000,0.580000,0.590000,22774000000.000000,,22774000000.000000,116969132663.000000,9.000000,5.436000,2234000000.000000,1.142000,1.000000,9892000000.000000,0.393000,5161000000.000000,845000000.000000,72314000000.000000,,0.000000,7412000000.000000,0.000000,7412000000.000000,52192000000.000000,18240000000.000000,33952000000.000000,-441000000.000000,-1290000000.000000,538000000.000000,263000000.000000,-1781000000.000000,-1420000000.000000,-5946000000.000000,30000000.000000,6925000000.000000,0.000000,4423000000.000000,4423000000.000000,4423000000.000000,0.000000,0.000000,0.176000,4164000000.000000,5728000000.000000,13253000000.000000,0.397000,4.606000,13.641000,23.730000,44194000000.000000,0.000000,53.630000,2.269000,2.269000,9783000000.000000,8948000000.000000,25140000000.000000,25140000000.000000,0.000000,,,,,0.000000,0.000000,1.000000,1956015899.000000,1956015899.000000,,12.853000,69805000000.000000,685000000.000000,2507000000.000000,3320000000.000000,35.687000
MRQ,1999-03-31,1999-03-31,1999-03-31,1999-Q1,-2132000000.000000,92603123596.000000,2025-04-29,-651000000.000000,45396000000.000000,,7663000000.000000,37733000000.000000,,3.971000,-2139000000.000000,547000000.000000,547000000.000000,6826000000.000000,1980000000.000000,0.782000,2.354000,13244000000.000000,1840000000.000000,11404000000.000000,13244000000.000000,0.000000,1942000000.000000,0.000000,0.020000,0.234000,3353000000.000000,5295000000.000000,0.448000,5295000000.000000,3353000000.000000,2996000000.000000,0.580000,0.570000,0.580000,13533000000.000000,,13533000000.000000,105306123596.000000,7.000000,4.424000,1186000000.000000,0.348000,1.000000,4993000000.000000,0.422000,3124000000.000000,357000000.000000,45174000000.000000,,0.000000,2430000000.000000,0.000000,2430000000.000000,31863000000.000000,9795000000.000000,22068000000.000000,615000000.000000,824000000.000000,175000000.000000,-774000000.000000,-805000000.000000,-1401000000.000000,-1309000000.000000,5000000.000000,3325000000.000000,0.000000,1980000000.000000,1980000000.000000,1980000000.000000,0.000000,0.000000,0.168000,1942000000.000000,3051000000.000000,5959000000.000000,0.403000,6.843000,10.662000,20.167000,30044000000.000000,0.000000,47.190000,1.808000,3.141000,5376000000.000000,4034000000.000000,11819000000.000000,11819000000.000000,0.000000,,,,,0.000000,0.000000,1.000000,1962346336.000000,3408000000.000000,3408000000.000000,3.468000,42272000000.000000,678000000.000000,1016000000.000000,4003000000.000000,12.404000
MRQ,1999-06-30,1999-06-30,1999-06-30,1999-Q2,-1503000000.000000,113902707298.000000,2025-04-29,-612000000.000000,46060000000.000000,,7873000000.000000,38187000000.000000,,4.223000,-2344000000.000000,848000000.000000,848000000.000000,7048000000.000000,1938000000.000000,0.840000,2.198000,12361000000.000000,1011000000.000000,11350000000.000000,12361000000.000000,0.000000,1993000000.000000,0.000000,0.016000,0.244000,3386000000.000000,5379000000.000000,0.438000,5379000000.000000,3386000000.000000,3039000000.000000,0.570000,0.560000,0.570000,14404000000.000000,,14404000000.000000,126599707298.000000,8.000000,4.851000,2024000000.000000,0.593000,1.000000,5220000000.000000,0.425000,3202000000.000000,347000000.000000,44995000000.000000,,0.000000,2430000000.000000,0.000000,2430000000.000000,31656000000.000000,9376000000.000000,22280000000.000000,-74000000.000000,-3088000000.000000,201000000.000000,1618000000.000000,-830000000.000000,989000000.000000,-5431000000.000000,0.000000,4368000000.000000,0.000000,1938000000.000000,1938000000.000000,1938000000.000000,0.000000,0.000000,0.158000,1993000000.000000,3227000000.000000,6095000000.000000,0.428000,7.908000,11.861000,24.268000,30358000000.000000,0.000000,58.000000,2.018000,3.505000,5342000000.000000,4731000000.000000,12268000000.000000,12268000000.000000,0.000000,,,,,0.000000,0.000000,1.000000,1963839781.000000,3411000000.000000,3411000000.000000,3.597000,42858000000.000000,666000000.000000,1101000000.000000,4456000000.000000,12.565000
MRQ,1999-09-30,1999-09-30,1999-09-30,1999-Q3,-3710000000.000000,100450471369.000000,2025-04-29,-601000000.000000,49136000000.000000,,7533000000.000000,41603000000.000000,,4.477000,-2523000000.000000,267000000.000000,267000000.000000,7640000000.000000,1135000000.000000,0.670000,2.215000,13888000000.000000,2622000000.000000,11266000000.000000,13888000000.000000,0.000000,2443000000.000000,0.000000,0.023000,0.487000,2653000000.000000,5096000000.000000,0.406000,5096000000.000000,2653000000.000000,2288000000.000000,0.330000,0.330000,0.330000,15284000000.000000,,15284000000.000000,111963471369.000000,7.000000,4.041000,1283000000.000000,0.376000,1.000000,4905000000.000000,0.391000,5758000000.000000,365000000.000000,45756000000.000000,,0.000000,2510000000.000000,0.000000,2510000000.000000,33852000000.000000,11243000000.000000,22609000000.000000,-608000000.000000,-1112000000.000000,107000000.000000,-32000000.000000,-829000000.000000,-754000000.000000,-3660000000.000000,-25000000.000000,3806000000.000000,0.000000,1135000000.000000,1135000000.000000,1135000000.000000,0.000000,0.000000,0.090000,2443000000.000000,2462000000.000000,6332000000.000000,1.476000,6.572000,10.601000,24.667000,31197000000.000000,0.000000,51.060000,1.626000,2.822000,5524000000.000000,5529000000.000000,12545000000.000000,12545000000.000000,0.000000,,,,,0.000000,0.000000,1.000000,1967302612.000000,3414000000.000000,3414000000.000000,3.675000,43378000000.000000,663000000.000000,1153000000.000000,4865000000.000000,12.706000
MRQ,1999-12-31,1999-12-31,1999-12-31,1999-Q4,-7383000000.000000,166304775439.000000,2025-04-29,-1062000000.000000,83215000000.000000,,11930000000.000000,71285000000.000000,,7.834000,-3298000000.000000,495000000.000000,495000000.000000,7873000000.000000,3106000000.000000,0.618000,2.114000,20849000000.000000,3374000000.000000,17475000000.000000,20849000000.000000,0.000000,2175000000.000000,0.000000,0.020000,0.000000,4477000000.000000,6652000000.000000,0.515000,6652000000.000000,4477000000.000000,4116000000.000000,0.910000,0.900000,0.910000,26726000000.000000,,26726000000.000000,179925775439.000000,13.000000,8.025000,1877000000.000000,0.550000,1.000000,5033000000.000000,0.390000,6796000000.000000,361000000.000000,77460000000.000000,,0.000000,10648000000.000000,0.000000,10648000000.000000,56489000000.000000,19313000000.000000,37176000000.000000,-37000000.000000,3000000000.000000,-1021000000.000000,-3162000000.000000,-823000000.000000,-4939000000.000000,-273000000.000000,25000000.000000,5175000000.000000,0.000000,3106000000.000000,3106000000.000000,3106000000.000000,0.000000,0.000000,0.241000,2175000000.000000,2858000000.000000,11717000000.000000,0.000000,6.223000,20.383000,20.397000,46571000000.000000,0.000000,48.750000,3.358000,3.358000,9378000000.000000,13798000000.000000,12906000000.000000,12906000000.000000,0.000000,,,,,0.000000,0.000000,1.000000,3411380009.000000,3411380009.000000,,3.783000,76419000000.000000,767000000.000000,1010000000.000000,8596000000.000000,22.401000
MRQ,2000-03-31,2000-03-31,2000-03-31,2000-Q1,-12319000000.000000,143216286502.000000,2025-04-29,-1161000000.000000,89401000000.000000,,11986000000.000000,77415000000.000000,,8.225000,-2349000000.000000,678000000.000000,678000000.000000,7214000000.000000,1822000000.000000,0.493000,2.201000,25329000000.000000,8992000000.000000,16337000000.000000,25329000000.000000,0.000000,2263000000.000000,0.000000,0.023000,0.244000,3317000000.000000,5580000000.000000,0.445000,5580000000.000000,3317000000.000000,2961000000.000000,0.540000,0.530000,0.540000,27931000000.000000,,27931000000.000000,163570286502.000000,12.000000,7.204000,600000000.000000,0.177000,1.000000,5339000000.000000,0.425000,11194000000.000000,356000000.000000,78553000000.000000,,0.000000,11084000000.000000,0.000000,11084000000.000000,61470000000.000000,24305000000.000000,37165000000.000000,362000000.000000,-3551000000.000000,-224000000.000000,4341000000.000000,-834000000.000000,3312000000.000000,-5899000000.000000,0.000000,2949000000.000000,0.000000,1822000000.000000,1822000000.000000,1822000000.000000,0.000000,0.000000,0.145000,2263000000.000000,3076000000.000000,14447000000.000000,0.452000,5.128000,17.900000,17.928000,47132000000.000000,0.000000,42.130000,2.849000,2.846000,8759000000.000000,14774000000.000000,12553000000.000000,12553000000.000000,0.000000,,,,,0.000000,0.000000,1.000000,3399389663.000000,3396000000.000000,3396000000.000000,3.696000,78207000000.000000,572000000.000000,1139000000.000000,6052000000.000000,23.029000
MRQ,2000-06-30,2000-06-30,2000-06-30,2000-Q2,-13086000000.000000,149675674060.000000,2025-04-29,-1294000000.000000,91191000000.000000,,12473000000.000000,78718000000.000000,,8.355000,-2992000000.000000,813000000.000000,813000000.000000,7876000000.000000,1851000000.000000,0.488000,2.214000,25739000000.000000,9812000000.000000,15927000000.000000,25739000000.000000,0.000000,2317000000.000000,0.000000,0.022000,0.254000,3329000000.000000,5646000000.000000,0.428000,5646000000.000000,3329000000.000000,2913000000.000000,0.540000,0.540000,0.540000,28375000000.000000,,28375000000.000000,174326674060.000000,13.000000,7.588000,795000000.000000,0.234000,1.000000,5315000000.000000,0.403000,11067000000.000000,416000000.000000,79491000000.000000,,0.000000,10918000000.000000,0.000000,10918000000.000000,62816000000.000000,25559000000.000000,37257000000.000000,-44000000.000000,1000000.000000,-496000000.000000,500000000.000000,-864000000.000000,-839000000.000000,-2992000000.000000,0.000000,3787000000.000000,0.000000,1851000000.000000,1851000000.000000,1851000000.000000,0.000000,0.000000,0.140000,2317000000.000000,2998000000.000000,14883000000.000000,0.470000,5.275000,18.913000,18.966000,48045000000.000000,0.000000,44.000000,2.924000,2.919000,9538000000.000000,15764000000.000000,13191000000.000000,13191000000.000000,0.000000,,,,,0.000000,0.000000,1.000000,3401719865.000000,3396000000.000000,3396000000.000000,3.884000,80124000000.000000,461000000.000000,1062000000.000000,6372000000.000000,23.594000
MRQ,2000-09-30,2000-09-30,2000-09-30,2000-Q3,-12847000000.000000,169071368422.000000,2025-04-29,-1246000000.000000,94576000000.000000,,13812000000.000000,80764000000.000000,,8.913000,-3861000000.000000,545000000.000000,545000000.000000,8213000000.000000,2999000000.000000,0.518000,2.133000,25303000000.000000,9413000000.000000,15890000000.000000,25303000000.000000,0.000000,2363000000.000000,0.000000,0.015000,0.254000,5126000000.000000,7489000000.000000,0.558000,7489000000.000000,5126000000.000000,4704000000.000000,0.890000,0.880000,0.890000,30190000000.000000,,30190000000.000000,193997368422.000000,12.000000,7.648000,133000000.000000,0.039000,1.000000,5209000000.000000,0.388000,12147000000.000000,422000000.000000,80528000000.000000,,0.000000,9937000000.000000,0.000000,9937000000.000000,64386000000.000000,26659000000.000000,37727000000.000000,-268000000.000000,1854000000.000000,-430000000.000000,-445000000.000000,-862000000.000000,-1722000000.000000,-2540000000.000000,-533000000.000000,3994000000.000000,0.000000,2999000000.000000,2999000000.000000,2999000000.000000,0.000000,0.000000,0.223000,2363000000.000000,2846000000.000000,12137000000.000000,0.285000,5.600000,17.291000,17.319000,49697000000.000000,0.000000,49.880000,3.247000,3.244000,10142000000.000000,17905000000.000000,13422000000.000000,13422000000.000000,0.000000,,,,,0.000000,0.000000,1.000000,3389562318.000000,3387000000.000000,3387000000.000000,3.963000,82429000000.000000,590000000.000000,1705000000.000000,11116000000.000000,24.337000
MRQ,2000-12-31,2000-12-31,2000-12-31,2000-Q4,-16709000000.000000,161632371362.000000,2025-04-29,-1307000000.000000,98651000000.000000,,13648000000.000000,85003000000.000000,,8.999000,-3922000000.000000,643000000.000000,643000000.000000,7853000000.000000,1128000000.000000,0.450000,2.238000,25962000000.000000,10470000000.000000,15492000000.000000,25962000000.000000,0.000000,2805000000.000000,0.000000,0.021000,0.254000,2436000000.000000,5241000000.000000,0.429000,5241000000.000000,2436000000.000000,2038000000.000000,0.330000,0.370000,0.330000,30463000000.000000,,30463000000.000000,186390371362.000000,13.000000,7.781000,-586000000.000000,-0.173000,1.000000,4355000000.000000,0.357000,3719000000.000000,398000000.000000,89894000000.000000,,0.000000,21946000000.000000,0.000000,21946000000.000000,68188000000.000000,30357000000.000000,37831000000.000000,98000000.000000,1190000000.000000,-373000000.000000,732000000.000000,-858000000.000000,-499000000.000000,-2739000000.000000,-6000000.000000,3336000000.000000,0.000000,1128000000.000000,1128000000.000000,1128000000.000000,0.000000,0.000000,0.092000,2805000000.000000,1550000000.000000,15432000000.000000,0.770000,5.306000,20.722000,20.761000,47195000000.000000,0.000000,47.750000,3.146000,3.146000,10144000000.000000,18341000000.000000,12208000000.000000,12208000000.000000,0.000000,,,,,0.000000,0.000000,1.000000,3384971128.000000,3384971128.000000,,3.607000,94932000000.000000,671000000.000000,910000000.000000,10716000000.000000,28.045000
MRQ,2001-03-31,2001-03-31,2001-03-31,2001-Q1,-6211000000.000000,150594275551.000000,2025-04-29,-1568000000.000000,97325000000.000000,,21714000000.000000,75611000000.000000,,8.977000,-2807000000.000000,551000000.000000,551000000.000000,6083000000.000000,1854000000.000000,0.778000,2.210000,27204000000.000000,10643000000.000000,16561000000.000000,27204000000.000000,0.000000,2448000000.000000,0.000000,0.023000,0.254000,3334000000.000000,5782000000.000000,0.517000,5782000000.000000,3334000000.000000,2875000000.000000,0.550000,0.540000,0.550000,30316000000.000000,,30316000000.000000,175913275551.000000,12.000000,7.282000,-857000000.000000,-0.254000,1.000000,5107000000.000000,0.456000,5022000000.000000,459000000.000000,91031000000.000000,,0.000000,20537000000.000000,9138000000.000000,11399000000.000000,67009000000.000000,27925000000.000000,39084000000.000000,-92000000.000000,1402000000.000000,-975000000.000000,1174000000.000000,-859000000.000000,-1148000000.000000,-894000000.000000,510000000.000000,1950000000.000000,0.000000,1854000000.000000,1854000000.000000,1854000000.000000,0.000000,0.000000,0.166000,2448000000.000000,2659000000.000000,13770000000.000000,0.462000,4.967000,19.228000,19.320000,47550000000.000000,0.000000,44.630000,3.011000,3.014000,9315000000.000000,19333000000.000000,11190000000.000000,11190000000.000000,0.000000,,,,,0.000000,0.000000,1.000000,3374283566.000000,3377000000.000000,3377000000.000000,3.314000,92303000000.000000,612000000.000000,1021000000.000000,10235000000.000000,27.333000
MRQ,2001-06-30,2001-06-30,2001-06-30,2001-Q2,-10585000000.000000,134920719963.000000,2025-04-29,-1537000000.000000,95934000000.000000,,12574000000.000000,83360000000.000000,,9.283000,-2937000000.000000,649000000.000000,649000000.000000,6226000000.000000,2071000000.000000,0.543000,2.069000,27045000000.000000,8021000000.000000,19024000000.000000,27045000000.000000,0.000000,2174000000.000000,0.000000,0.025000,0.256000,3639000000.000000,5813000000.000000,0.506000,5813000000.000000,3639000000.000000,3214000000.000000,0.620000,0.610000,0.620000,31255000000.000000,,31255000000.000000,161573719963.000000,11.000000,6.642000,1690000000.000000,0.502000,1.000000,5251000000.000000,0.458000,4957000000.000000,425000000.000000,94214000000.000000,,0.000000,17699000000.000000,0.000000,17699000000.000000,64679000000.000000,23159000000.000000,41520000000.000000,98000000.000000,449000000.000000,-358000000.000000,-267000000.000000,-868000000.000000,-2040000000.000000,-2489000000.000000,0.000000,4627000000.000000,0.000000,2071000000.000000,2071000000.000000,2071000000.000000,0.000000,0.000000,0.180000,2174000000.000000,3077000000.000000,10808000000.000000,0.413000,4.317000,16.756000,16.762000,48559000000.000000,0.000000,40.060000,2.794000,2.793000,9208000000.000000,20544000000.000000,11477000000.000000,11477000000.000000,0.000000,,,,,0.000000,0.000000,1.000000,3367966050.000000,3367000000.000000,3367000000.000000,3.409000,90977000000.000000,574000000.000000,1143000000.000000,11166000000.000000,27.020000
MRQ,2001-09-30,2001-09-30,2001-09-30,2001-Q3,-10494000000.000000,158413485454.000000,2025-04-29,-1495000000.000000,95715000000.000000,,12624000000.000000,83091000000.000000,,9.591000,-2352000000.000000,562000000.000000,562000000.000000,6316000000.000000,2072000000.000000,0.546000,1.944000,25359000000.000000,7318000000.000000,18041000000.000000,25359000000.000000,0.000000,2200000000.000000,0.000000,0.022000,0.257000,3574000000.000000,5774000000.000000,0.509000,5774000000.000000,3574000000.000000,3197000000.000000,0.620000,0.610000,0.620000,32512000000.000000,,32512000000.000000,184809485454.000000,14.000000,8.174000,1797000000.000000,0.530000,1.000000,5022000000.000000,0.443000,4041000000.000000,377000000.000000,93353000000.000000,,0.000000,18130000000.000000,0.000000,18130000000.000000,63203000000.000000,23118000000.000000,40085000000.000000,-87000000.000000,495000000.000000,-51000000.000000,-1379000000.000000,-864000000.000000,-2379000000.000000,-1857000000.000000,0.000000,4149000000.000000,0.000000,2072000000.000000,2072000000.000000,2072000000.000000,0.000000,0.000000,0.183000,2200000000.000000,2822000000.000000,10582000000.000000,0.415000,4.872000,22.233000,22.226000,48872000000.000000,0.000000,47.120000,3.428000,3.457000,9319000000.000000,21751000000.000000,11338000000.000000,11338000000.000000,0.000000,,,,,0.000000,0.000000,1.000000,3361916075.000000,3390000000.000000,3390000000.000000,3.345000,91674000000.000000,549000000.000000,1125000000.000000,11967000000.000000,27.042000
MRQ,2001-12-31,2001-12-31,2001-12-31,2001-Q4,-11368000000.000000,131672330504.000000,2025-04-29,-1589000000.000000,96322000000.000000,,12580000000.000000,83742000000.000000,,9.793000,-3093000000.000000,703000000.000000,703000000.000000,-1685000000.000000,1011000000.000000,0.525000,1.926000,26166000000.000000,9033000000.000000,17133000000.000000,26166000000.000000,0.000000,2255000000.000000,0.000000,0.026000,0.256000,2002000000.000000,4257000000.000000,0.358000,4257000000.000000,2002000000.000000,1664000000.000000,0.300000,0.300000,0.300000,32919000000.000000,,32919000000.000000,156469330504.000000,12.000000,7.235000,986000000.000000,0.293000,1.000000,13588000000.000000,1.142000,3577000000.000000,338000000.000000,94260000000.000000,,0.000000,17891000000.000000,0.000000,17891000000.000000,63403000000.000000,23948000000.000000,39455000000.000000,141000000.000000,-55000000.000000,-361000000.000000,746000000.000000,-865000000.000000,-791000000.000000,-3147000000.000000,0.000000,4079000000.000000,0.000000,1011000000.000000,1011000000.000000,1011000000.000000,0.000000,0.000000,0.085000,11638000000.000000,1950000000.000000,11459000000.000000,0.853000,4.000000,18.789000,18.832000,49827000000.000000,0.000000,39.170000,2.868000,2.868000,9376000000.000000,21737000000.000000,11903000000.000000,11903000000.000000,0.000000,,,,,0.000000,9383000000.000000,1.000000,3361560646.000000,3361560646.000000,,3.541000,92745000000.000000,713000000.000000,653000000.000000,11022000000.000000,27.590000
MRQ,2002-03-31,2002-03-31,2002-03-31,2002-Q1,-9181000000.000000,125499617268.000000,2025-04-29,-1642000000.000000,94212000000.000000,,11892000000.000000,82320000000.000000,,9.244000,-1765000000.000000,830000000.000000,830000000.000000,3912000000.000000,-193000000.000000,0.564000,2.045000,27551000000.000000,8489000000.000000,19062000000.000000,27551000000.000000,0.000000,2136000000.000000,0.000000,0.027000,0.256000,957000000.000000,3093000000.000000,0.294000,3093000000.000000,957000000.000000,607000000.000000,-0.060000,-0.060000,-0.060000,30938000000.000000,,30938000000.000000,150962617268.000000,15.000000,7.972000,497000000.000000,0.148000,1.000000,6610000000.000000,0.628000,1656000000.000000,350000000.000000,98204000000.000000,,0.000000,18468000000.000000,0.000000,18468000000.000000,63274000000.000000,21073000000.000000,42201000000.000000,127000000.000000,-323000000.000000,-561000000.000000,1374000000.000000,-860000000.000000,-47000000.000000,-2088000000.000000,0.000000,2262000000.000000,0.000000,-193000000.000000,-193000000.000000,-193000000.000000,0.000000,0.000000,-0.018000,4428000000.000000,2182000000.000000,9683000000.000000,-4.267000,4.056000,25.297000,25.297000,49569000000.000000,0.000000,37.440000,2.774000,2.770000,8321000000.000000,21159000000.000000,10522000000.000000,10522000000.000000,0.000000,,,,,0.000000,2292000000.000000,1.000000,3352019692.000000,3347000000.000000,3347000000.000000,3.144000,92556000000.000000,739000000.000000,800000000.000000,11153000000.000000,27.653000
MRQ,2002-06-30,2002-06-30,2002-06-30,2002-Q2,-8457000000.000000,101875218398.000000,2025-04-29,-1242000000.000000,94326000000.000000,,12328000000.000000,81998000000.000000,,9.465000,-1731000000.000000,543000000.000000,543000000.000000,4094000000.000000,1782000000.000000,0.593000,1.973000,25799000000.000000,7742000000.000000,18057000000.000000,25799000000.000000,0.000000,2156000000.000000,0.000000,0.034000,0.270000,2971000000.000000,5127000000.000000,0.473000,5127000000.000000,2971000000.000000,2631000000.000000,0.530000,0.530000,0.530000,31728000000.000000,,31728000000.000000,128596218398.000000,14.000000,7.046000,2640000000.000000,0.788000,1.000000,6749000000.000000,0.622000,1658000000.000000,340000000.000000,97139000000.000000,,0.000000,15515000000.000000,0.000000,15515000000.000000,62598000000.000000,20785000000.000000,41813000000.000000,-287000000.000000,316000000.000000,-565000000.000000,-1775000000.000000,-902000000.000000,-3243000000.000000,-1415000000.000000,0.000000,4371000000.000000,0.000000,1782000000.000000,1782000000.000000,1782000000.000000,0.000000,0.000000,0.164000,4585000000.000000,2164000000.000000,9642000000.000000,0.509000,3.211000,21.805000,21.942000,49270000000.000000,0.000000,30.500000,2.284000,2.292000,9392000000.000000,22088000000.000000,10843000000.000000,10843000000.000000,0.000000,,,,,0.000000,2429000000.000000,1.000000,3340171095.000000,3352000000.000000,3352000000.000000,3.235000,92668000000.000000,775000000.000000,849000000.000000,12143000000.000000,27.646000
MRQ,2002-09-30,2002-09-30,2002-09-30,2002-Q3,-7122000000.000000,66834181305.000000,2025-04-29,-1310000000.000000,93863000000.000000,,11465000000.000000,82398000000.000000,,9.709000,-1502000000.000000,873000000.000000,873000000.000000,4136000000.000000,1709000000.000000,0.617000,1.898000,24067000000.000000,5134000000.000000,18933000000.000000,24067000000.000000,0.000000,2148000000.000000,0.000000,0.052000,0.270000,2897000000.000000,5045000000.000000,0.478000,5045000000.000000,2897000000.000000,2541000000.000000,0.510000,0.510000,0.510000,32389000000.000000,,32389000000.000000,92090181305.000000,10.000000,5.256000,2607000000.000000,0.781000,1.000000,6420000000.000000,0.608000,1658000000.000000,356000000.000000,96812000000.000000,,0.000000,16482000000.000000,0.000000,16482000000.000000,61474000000.000000,18587000000.000000,42887000000.000000,330000000.000000,464000000.000000,-146000000.000000,-1705000000.000000,-898000000.000000,-2741000000.000000,-1038000000.000000,0.000000,4109000000.000000,0.000000,1709000000.000000,1709000000.000000,1709000000.000000,0.000000,0.000000,0.162000,4391000000.000000,2029000000.000000,9634000000.000000,0.529000,2.063000,15.510000,15.703000,48736000000.000000,0.000000,20.100000,1.525000,1.530000,8348000000.000000,22957000000.000000,10556000000.000000,10556000000.000000,0.000000,,,,,0.000000,2243000000.000000,1.000000,3325083647.000000,3336000000.000000,3336000000.000000,3.164000,92205000000.000000,730000000.000000,832000000.000000,12804000000.000000,27.639000
MRQ,2002-12-31,2002-12-31,2002-12-31,2002-Q4,-594000000.000000,90010715204.000000,2025-04-29,-2451000000.000000,95057000000.000000,,14089000000.000000,80968000000.000000,,9.999000,-1810000000.000000,3567000000.000000,3567000000.000000,4332000000.000000,2355000000.000000,0.960000,1.863000,22041000000.000000,3505000000.000000,18536000000.000000,22041000000.000000,0.000000,2138000000.000000,0.000000,0.039000,0.270000,3120000000.000000,5258000000.000000,0.482000,5258000000.000000,3120000000.000000,2784000000.000000,0.710000,0.700000,0.710000,33199000000.000000,,33199000000.000000,113204715204.000000,11.000000,6.112000,2584000000.000000,0.778000,1.000000,6568000000.000000,0.603000,1643000000.000000,336000000.000000,97205000000.000000,,0.000000,16356000000.000000,1000000.000000,16355000000.000000,61858000000.000000,14683000000.000000,47175000000.000000,2697000000.000000,3022000000.000000,-37000000.000000,-2033000000.000000,-897000000.000000,-2987000000.000000,1213000000.000000,1000000.000000,4394000000.000000,0.000000,2355000000.000000,2355000000.000000,2355000000.000000,-112000000.000000,0.000000,0.216000,4505000000.000000,2063000000.000000,9413000000.000000,0.380000,2.711000,15.923000,15.947000,48490000000.000000,0.000000,27.110000,2.102000,2.102000,8540000000.000000,23802000000.000000,10900000000.000000,10900000000.000000,0.000000,,,,,0.000000,2367000000.000000,1.000000,3320203438.000000,3320203438.000000,,3.283000,93414000000.000000,704000000.000000,429000000.000000,11840000000.000000,28.135000
MRQ,2003-03-31,2003-03-31,2003-03-31,2003-Q1,-292000000.000000,66607230439.000000,2025-04-29,-1132000000.000000,100166000000.000000,,13968000000.000000,86198000000.000000,,11.520000,-897000000.000000,4806000000.000000,4806000000.000000,4083000000.000000,4996000000.000000,0.980000,1.619000,17939000000.000000,1879000000.000000,16060000000.000000,17939000000.000000,0.000000,1996000000.000000,0.000000,0.054000,0.270000,6521000000.000000,8517000000.000000,0.821000,8517000000.000000,6521000000.000000,6204000000.000000,1.500000,1.500000,1.500000,38248000000.000000,,38248000000.000000,85081230439.000000,5.000000,3.553000,1738000000.000000,0.523000,1.000000,6292000000.000000,0.606000,1611000000.000000,317000000.000000,97428000000.000000,,0.000000,18328000000.000000,378000000.000000,17950000000.000000,61918000000.000000,14260000000.000000,47658000000.000000,1265000000.000000,2270000000.000000,21000000.000000,-1862000000.000000,-897000000.000000,-2738000000.000000,1368000000.000000,-5000000.000000,2635000000.000000,0.000000,4996000000.000000,4996000000.000000,4996000000.000000,0.000000,0.000000,0.482000,4394000000.000000,1898000000.000000,10870000000.000000,0.180000,1.741000,6.143000,6.172000,52128000000.000000,0.000000,20.060000,1.561000,1.561000,6178000000.000000,27635000000.000000,10375000000.000000,10375000000.000000,0.000000,,,,,0.000000,2398000000.000000,1.000000,3320400321.000000,3320000000.000000,3320000000.000000,3.125000,98555000000.000000,712000000.000000,1208000000.000000,15777000000.000000,29.685000
MRQ,2003-06-30,2003-06-30,2003-06-30,2003-Q2,-239000000.000000,84887461317.000000,2025-04-29,-1713000000.000000,100651000000.000000,,14760000000.000000,85891000000.000000,,11.491000,-1072000000.000000,5139000000.000000,5139000000.000000,4067000000.000000,1388000000.000000,0.984000,1.636000,18528000000.000000,1790000000.000000,16738000000.000000,18528000000.000000,0.000000,1977000000.000000,0.000000,0.045000,0.333000,2448000000.000000,4425000000.000000,0.432000,4425000000.000000,2448000000.000000,2072000000.000000,0.420000,0.420000,0.420000,38183000000.000000,,38183000000.000000,100329461317.000000,7.000000,4.316000,3100000000.000000,0.933000,1.000000,6169000000.000000,0.603000,1643000000.000000,376000000.000000,97398000000.000000,,0.000000,17381000000.000000,0.000000,17381000000.000000,62468000000.000000,14999000000.000000,47469000000.000000,307000000.000000,350000000.000000,21000000.000000,-1782000000.000000,-1102000000.000000,-2863000000.000000,-1002000000.000000,-280000000.000000,4172000000.000000,0.000000,1388000000.000000,1388000000.000000,1388000000.000000,0.000000,0.000000,0.136000,4419000000.000000,1750000000.000000,8935000000.000000,0.793000,2.223000,8.125000,8.137000,52534000000.000000,0.000000,25.550000,2.018000,2.018000,5881000000.000000,27819000000.000000,10236000000.000000,10236000000.000000,0.000000,,,,,0.000000,2442000000.000000,1.000000,3322405531.000000,3323000000.000000,3323000000.000000,3.080000,99008000000.000000,1495000000.000000,684000000.000000,15955000000.000000,29.795000
MRQ,2003-09-30,2003-09-30,2003-09-30,2003-Q3,-829000000.000000,73949757194.000000,2025-04-29,-1729000000.000000,101308000000.000000,,14890000000.000000,86418000000.000000,,11.417000,-1266000000.000000,4940000000.000000,4940000000.000000,4261000000.000000,1216000000.000000,0.947000,1.674000,18257000000.000000,1900000000.000000,16357000000.000000,18257000000.000000,0.000000,1952000000.000000,0.000000,0.056000,0.383000,2075000000.000000,4027000000.000000,0.397000,4027000000.000000,2075000000.000000,1795000000.000000,0.370000,0.370000,0.370000,37892000000.000000,,37892000000.000000,87338757194.000000,6.000000,3.929000,1784000000.000000,0.538000,1.000000,5889000000.000000,0.580000,1622000000.000000,280000000.000000,97284000000.000000,,0.000000,17946000000.000000,261000000.000000,17685000000.000000,63416000000.000000,15719000000.000000,47697000000.000000,-203000000.000000,235000000.000000,-278000000.000000,-329000000.000000,-1272000000.000000,-1879000000.000000,-1596000000.000000,-565000000.000000,3050000000.000000,0.000000,1216000000.000000,1216000000.000000,1216000000.000000,-30000000.000000,0.000000,0.120000,4328000000.000000,1561000000.000000,9339000000.000000,1.035000,1.952000,7.428000,7.417000,51983000000.000000,0.000000,22.250000,1.775000,1.773000,6140000000.000000,27769000000.000000,10150000000.000000,10150000000.000000,0.000000,,,,,0.000000,2376000000.000000,1.000000,3323584593.000000,3319000000.000000,3319000000.000000,3.058000,99686000000.000000,1511000000.000000,579000000.000000,16615000000.000000,30.035000
MRQ,2003-12-31,2003-12-31,2003-12-31,2003-Q4,-277000000.000000,86309153969.000000,2025-04-29,-1132000000.000000,100233000000.000000,,14023000000.000000,86210000000.000000,,11.553000,-1984000000.000000,4806000000.000000,4806000000.000000,4537000000.000000,898000000.000000,0.981000,1.621000,17976000000.000000,1879000000.000000,16097000000.000000,17976000000.000000,0.000000,1945000000.000000,0.000000,0.052000,0.383000,1483000000.000000,3428000000.000000,0.353000,3428000000.000000,1483000000.000000,1264000000.000000,0.270000,0.280000,0.270000,38248000000.000000,,38248000000.000000,99626153969.000000,8.000000,4.878000,1565000000.000000,0.473000,1.000000,5185000000.000000,0.533000,1611000000.000000,219000000.000000,97492000000.000000,,0.000000,18305000000.000000,378000000.000000,17927000000.000000,61985000000.000000,14300000000.000000,47685000000.000000,-134000000.000000,157000000.000000,-152000000.000000,-323000000.000000,-1268000000.000000,-1742000000.000000,-1875000000.000000,-48000000.000000,3549000000.000000,0.000000,898000000.000000,898000000.000000,898000000.000000,-112000000.000000,0.000000,0.092000,4158000000.000000,1027000000.000000,10658000000.000000,1.419000,2.257000,10.148000,10.184000,52128000000.000000,0.000000,26.070000,2.131000,2.131000,6160000000.000000,27635000000.000000,9722000000.000000,9722000000.000000,0.000000,,,,,-1000000.000000,2213000000.000000,1.000000,3310669504.000000,3310669504.000000,,2.937000,98622000000.000000,741000000.000000,366000000.000000,15692000000.000000,29.789000
MRQ,2004-03-31,2004-03-31,2004-03-31,2004-Q1,2347000000.000000,81184307024.000000,2025-04-29,-1067000000.000000,100419000000.000000,,15818000000.000000,84601000000.000000,,11.913000,-936000000.000000,7081000000.000000,7081000000.000000,4227000000.000000,1937000000.000000,1.174000,1.548000,17924000000.000000,2070000000.000000,15854000000.000000,17924000000.000000,0.000000,1923000000.000000,0.000000,0.057000,0.312000,3111000000.000000,5034000000.000000,0.503000,5034000000.000000,3111000000.000000,2879000000.000000,0.590000,0.580000,0.590000,39409000000.000000,,39409000000.000000,94317307024.000000,10.000000,5.576000,1062000000.000000,0.321000,1.000000,5785000000.000000,0.578000,1621000000.000000,232000000.000000,96170000000.000000,,0.000000,17541000000.000000,378000000.000000,17163000000.000000,61010000000.000000,13471000000.000000,47539000000.000000,2275000000.000000,2179000000.000000,63000000.000000,-142000000.000000,-1034000000.000000,-1113000000.000000,1344000000.000000,101000000.000000,1998000000.000000,0.000000,1937000000.000000,1937000000.000000,1937000000.000000,-26000000.000000,0.000000,0.193000,4269000000.000000,1516000000.000000,9471000000.000000,0.529000,2.060000,14.926000,14.873000,51202000000.000000,0.000000,24.540000,2.024000,2.023000,5793000000.000000,28548000000.000000,10012000000.000000,10012000000.000000,0.000000,,,,,0.000000,2346000000.000000,1.000000,3308243970.000000,3308000000.000000,3308000000.000000,3.027000,98798000000.000000,644000000.000000,942000000.000000,16633000000.000000,29.866000
MRQ,2004-06-30,2004-06-30,2004-06-30,2004-Q2,6169000000.000000,80313046302.000000,2025-04-29,-1374000000.000000,100422000000.000000,,19957000000.000000,80465000000.000000,,11.860000,-1202000000.000000,11586000000.000000,11586000000.000000,4292000000.000000,1168000000.000000,1.447000,1.557000,17622000000.000000,2460000000.000000,15162000000.000000,17622000000.000000,0.000000,1888000000.000000,0.000000,0.057000,0.312000,1918000000.000000,3806000000.000000,0.373000,3806000000.000000,1918000000.000000,1683000000.000000,0.350000,0.350000,0.350000,39280000000.000000,,39280000000.000000,91156046302.000000,11.000000,5.594000,2491000000.000000,0.752000,1.000000,5904000000.000000,0.579000,1625000000.000000,235000000.000000,91045000000.000000,,0.000000,13771000000.000000,346000000.000000,13425000000.000000,61142000000.000000,13788000000.000000,47354000000.000000,4505000000.000000,2991000000.000000,30000000.000000,-77000000.000000,-1035000000.000000,-1082000000.000000,1840000000.000000,51000000.000000,3693000000.000000,0.000000,1168000000.000000,1168000000.000000,1168000000.000000,-33000000.000000,0.000000,0.115000,4464000000.000000,1440000000.000000,9386000000.000000,0.891000,2.045000,15.389000,15.348000,50556000000.000000,0.000000,24.250000,2.004000,2.004000,5564000000.000000,28670000000.000000,10196000000.000000,10196000000.000000,0.000000,,,,,0.000000,2576000000.000000,1.000000,3311878198.000000,3312000000.000000,3312000000.000000,3.079000,98797000000.000000,575000000.000000,515000000.000000,16793000000.000000,29.830000
MRQ,2004-09-30,2004-09-30,2004-09-30,2004-Q3,7707000000.000000,85989039561.000000,2025-04-29,-1589000000.000000,101986000000.000000,,21112000000.000000,80874000000.000000,,12.133000,-1324000000.000000,13290000000.000000,13290000000.000000,4319000000.000000,2094000000.000000,1.575000,1.536000,18242000000.000000,1703000000.000000,16539000000.000000,18242000000.000000,0.000000,1889000000.000000,0.000000,0.051000,0.312000,2942000000.000000,4831000000.000000,0.469000,4831000000.000000,2942000000.000000,2704000000.000000,0.630000,0.630000,0.630000,40210000000.000000,,40210000000.000000,92025039561.000000,10.000000,5.382000,518000000.000000,0.156000,1.000000,5973000000.000000,0.580000,1625000000.000000,238000000.000000,91908000000.000000,,0.000000,13784000000.000000,204000000.000000,13580000000.000000,61776000000.000000,13405000000.000000,48371000000.000000,1704000000.000000,104000000.000000,58000000.000000,473000000.000000,-1036000000.000000,-503000000.000000,-1063000000.000000,157000000.000000,1842000000.000000,0.000000,2094000000.000000,2094000000.000000,2094000000.000000,-849000000.000000,0.000000,0.203000,4275000000.000000,1698000000.000000,9272000000.000000,0.495000,2.138000,14.104000,14.103000,50056000000.000000,0.000000,25.950000,2.138000,2.138000,5685000000.000000,29728000000.000000,10292000000.000000,10292000000.000000,0.000000,,,,,-2000000.000000,2386000000.000000,1.000000,3313643143.000000,3314000000.000000,3314000000.000000,3.106000,100361000000.000000,251000000.000000,610000000.000000,16823000000.000000,30.284000
MRQ,2004-12-31,2004-12-31,2004-12-31,2004-Q4,-10393000000.000000,85438216435.000000,2025-04-29,-550000000.000000,110265000000.000000,,9962000000.000000,100303000000.000000,,12.217000,-1637000000.000000,760000000.000000,760000000.000000,4567000000.000000,677000000.000000,0.489000,1.722000,26965000000.000000,5734000000.000000,21231000000.000000,26965000000.000000,0.000000,1864000000.000000,0.000000,0.049000,0.312000,1076000000.000000,2940000000.000000,0.292000,2940000000.000000,1076000000.000000,758000000.000000,0.210000,0.200000,0.210000,40504000000.000000,,40504000000.000000,90390216435.000000,10.000000,5.426000,1783000000.000000,0.538000,1.000000,5486000000.000000,0.546000,2054000000.000000,318000000.000000,114061000000.000000,,0.000000,35485000000.000000,0.000000,35485000000.000000,69761000000.000000,20355000000.000000,49406000000.000000,-12530000000.000000,-21336000000.000000,-383000000.000000,8724000000.000000,-1036000000.000000,7305000000.000000,-22868000000.000000,105000000.000000,3420000000.000000,0.000000,677000000.000000,677000000.000000,677000000.000000,-59000000.000000,0.000000,0.067000,4347000000.000000,1139000000.000000,11459000000.000000,1.486000,2.109000,14.513000,14.478000,50046000000.000000,0.000000,25.770000,2.095000,2.095000,6901000000.000000,28806000000.000000,10053000000.000000,10053000000.000000,0.000000,,,,,0.000000,2483000000.000000,1.000000,3315413909.000000,3315413909.000000,,3.032000,108211000000.000000,566000000.000000,81000000.000000,17596000000.000000,32.639000
MRQ,2005-03-31,2005-03-31,2005-03-31,2005-Q1,-9577000000.000000,78258436981.000000,2025-04-29,-594000000.000000,106946000000.000000,,8014000000.000000,98932000000.000000,,12.233000,-1050000000.000000,427000000.000000,427000000.000000,4388000000.000000,885000000.000000,0.456000,1.647000,27112000000.000000,6175000000.000000,20937000000.000000,27112000000.000000,0.000000,1825000000.000000,0.000000,0.053000,0.323000,1654000000.000000,3479000000.000000,0.339000,3479000000.000000,1654000000.000000,1301000000.000000,0.270000,0.270000,0.270000,40404000000.000000,,40404000000.000000,104463436981.000000,14.000000,6.938000,203000000.000000,0.061000,1.000000,5860000000.000000,0.572000,1768000000.000000,353000000.000000,114272000000.000000,,0.000000,34851000000.000000,35000000.000000,34816000000.000000,66542000000.000000,17591000000.000000,48951000000.000000,-333000000.000000,500000000.000000,47000000.000000,189000000.000000,-1066000000.000000,-827000000.000000,-449000000.000000,101000000.000000,1253000000.000000,0.000000,885000000.000000,885000000.000000,885000000.000000,0.000000,0.000000,0.086000,4304000000.000000,1556000000.000000,9083000000.000000,1.196000,1.937000,16.223000,16.226000,49311000000.000000,0.000000,23.690000,1.919000,1.918000,5268000000.000000,29171000000.000000,10248000000.000000,10248000000.000000,0.000000,,,,,-3000000.000000,2479000000.000000,1.000000,3303437610.000000,3303000000.000000,3303000000.000000,3.103000,105178000000.000000,552000000.000000,416000000.000000,16829000000.000000,31.843000
MRQ,2005-06-30,2005-06-30,2005-06-30,2005-Q2,-11104000000.000000,78448996094.000000,2025-04-29,-575000000.000000,105643000000.000000,,7822000000.000000,97821000000.000000,,12.261000,-1279000000.000000,406000000.000000,406000000.000000,4401000000.000000,1000000000.000000,0.413000,1.609000,25106000000.000000,6890000000.000000,18216000000.000000,25106000000.000000,0.000000,1809000000.000000,0.000000,0.053000,0.323000,1833000000.000000,3642000000.000000,0.353000,3642000000.000000,1833000000.000000,1484000000.000000,0.300000,0.300000,0.300000,40486000000.000000,,40486000000.000000,105133996094.000000,14.000000,7.060000,2505000000.000000,0.759000,1.000000,5916000000.000000,0.573000,1769000000.000000,349000000.000000,109648000000.000000,,0.000000,34182000000.000000,0.000000,34182000000.000000,65157000000.000000,18926000000.000000,46231000000.000000,-21000000.000000,596000000.000000,16000000.000000,-2108000000.000000,-1064000000.000000,-3156000000.000000,-649000000.000000,34000000.000000,3784000000.000000,0.000000,1000000000.000000,1000000000.000000,1000000000.000000,0.000000,0.000000,0.097000,4398000000.000000,1518000000.000000,9208000000.000000,1.077000,1.938000,16.849000,16.844000,48798000000.000000,0.000000,23.750000,1.918000,1.917000,5220000000.000000,29105000000.000000,10317000000.000000,10317000000.000000,0.000000,,,,,0.000000,2589000000.000000,1.000000,3303115625.000000,3302000000.000000,3302000000.000000,3.124000,103874000000.000000,545000000.000000,484000000.000000,17096000000.000000,31.458000
MRQ,2005-09-30,2005-09-30,2005-09-30,2005-Q3,-10194000000.000000,79195093300.000000,2025-04-29,-579000000.000000,104104000000.000000,,8102000000.000000,96002000000.000000,,12.190000,-1414000000.000000,433000000.000000,433000000.000000,4364000000.000000,1246000000.000000,0.443000,1.591000,23208000000.000000,5386000000.000000,17822000000.000000,23208000000.000000,0.000000,1803000000.000000,0.000000,0.053000,0.323000,2193000000.000000,3996000000.000000,0.388000,3996000000.000000,2193000000.000000,1844000000.000000,0.380000,0.380000,0.380000,40179000000.000000,,40179000000.000000,103895093300.000000,15.000000,7.391000,1932000000.000000,0.586000,1.000000,5940000000.000000,0.576000,1723000000.000000,349000000.000000,106860000000.000000,,0.000000,32945000000.000000,0.000000,32945000000.000000,63925000000.000000,18296000000.000000,45629000000.000000,27000000.000000,1464000000.000000,-443000000.000000,-1860000000.000000,-1066000000.000000,-3369000000.000000,50000000.000000,0.000000,3346000000.000000,0.000000,1246000000.000000,1246000000.000000,1246000000.000000,0.000000,0.000000,0.121000,3978000000.000000,1962000000.000000,9205000000.000000,0.850000,1.971000,20.797000,20.664000,48440000000.000000,0.000000,23.970000,1.935000,1.931000,5229000000.000000,28742000000.000000,10304000000.000000,10304000000.000000,0.000000,,,,,0.000000,2175000000.000000,1.000000,3303925461.000000,3296000000.000000,3296000000.000000,3.126000,102381000000.000000,555000000.000000,598000000.000000,17757000000.000000,31.062000
MRQ,2005-12-31,2005-12-31,2005-12-31,2005-Q4,-10764000000.000000,80358737316.000000,2025-04-29,-574000000.000000,145632000000.000000,,14654000000.000000,130978000000.000000,,16.667000,-1833000000.000000,1224000000.000000,1224000000.000000,6020000000.000000,1655000000.000000,0.577000,1.663000,30570000000.000000,4455000000.000000,26115000000.000000,30570000000.000000,0.000000,2206000000.000000,0.000000,0.053000,0.323000,1494000000.000000,3700000000.000000,0.287000,3700000000.000000,1494000000.000000,1089000000.000000,0.470000,0.470000,0.470000,54690000000.000000,,54690000000.000000,103133737316.000000,14.000000,6.961000,2758000000.000000,0.841000,1.000000,6889000000.000000,0.534000,22558000000.000000,405000000.000000,127002000000.000000,,0.000000,33435000000.000000,0.000000,33435000000.000000,90942000000.000000,25418000000.000000,65524000000.000000,791000000.000000,-530000000.000000,-1031000000.000000,-1049000000.000000,-1060000000.000000,-3874000000.000000,74000000.000000,2437000000.000000,4591000000.000000,0.000000,1655000000.000000,1655000000.000000,1655000000.000000,0.000000,0.000000,0.128000,5757000000.000000,1132000000.000000,17088000000.000000,0.687000,1.469000,16.790000,17.246000,58727000000.000000,0.000000,24.490000,1.836000,1.836000,9351000000.000000,29106000000.000000,12909000000.000000,12909000000.000000,0.000000,,,,,0.000000,3551000000.000000,1.000000,3281287763.000000,3281287763.000000,,3.934000,123074000000.000000,2011000000.000000,-566000000.000000,18508000000.000000,37.508000
MRQ,2006-03-31,2006-03-31,2006-03-31,2006-Q1,-10905000000.000000,104908704127.000000,2025-04-29,-568000000.000000,144437000000.000000,,13850000000.000000,130587000000.000000,,14.191000,-1821000000.000000,1057000000.000000,1057000000.000000,7364000000.000000,1445000000.000000,0.559000,1.622000,31541000000.000000,5712000000.000000,25829000000.000000,31541000000.000000,0.000000,2492000000.000000,0.000000,0.048000,0.333000,2621000000.000000,5113000000.000000,0.325000,5113000000.000000,2621000000.000000,2157000000.000000,0.370000,0.370000,0.370000,55089000000.000000,,55089000000.000000,134254704127.000000,16.000000,8.161000,637000000.000000,0.164000,1.000000,8392000000.000000,0.533000,21616000000.000000,464000000.000000,128550000000.000000,,0.000000,34406000000.000000,0.000000,34406000000.000000,89348000000.000000,24755000000.000000,64593000000.000000,-167000000.000000,-734000000.000000,201000000.000000,1010000000.000000,-1289000000.000000,-70000000.000000,-2555000000.000000,0.000000,2458000000.000000,0.000000,1445000000.000000,1445000000.000000,1445000000.000000,0.000000,0.000000,0.092000,6201000000.000000,2191000000.000000,15510000000.000000,0.900000,1.904000,19.624000,17.789000,58367000000.000000,0.000000,27.040000,2.129000,2.130000,8647000000.000000,29257000000.000000,15756000000.000000,15756000000.000000,0.000000,,,,,-8000000.000000,3709000000.000000,1.000000,3879759768.000000,3882000000.000000,3882000000.000000,4.059000,122821000000.000000,1874000000.000000,712000000.000000,17344000000.000000,31.639000
MRQ,2006-06-30,2006-06-30,2006-06-30,2006-Q2,-9397000000.000000,108434761786.000000,2025-04-29,-582000000.000000,144350000000.000000,,13635000000.000000,130715000000.000000,,14.274000,-2221000000.000000,1097000000.000000,1097000000.000000,7163000000.000000,1808000000.000000,0.592000,1.602000,30473000000.000000,3314000000.000000,27159000000.000000,30473000000.000000,0.000000,2486000000.000000,0.000000,0.047000,0.333000,3169000000.000000,5655000000.000000,0.359000,5655000000.000000,3169000000.000000,2697000000.000000,0.470000,0.460000,0.470000,55469000000.000000,,55469000000.000000,138918761786.000000,15.000000,7.524000,2474000000.000000,0.637000,1.000000,8607000000.000000,0.546000,21411000000.000000,472000000.000000,129283000000.000000,,0.000000,34803000000.000000,0.000000,34803000000.000000,88881000000.000000,23032000000.000000,65849000000.000000,40000000.000000,674000000.000000,-113000000.000000,-1039000000.000000,-1292000000.000000,-2398000000.000000,-2257000000.000000,-717000000.000000,4695000000.000000,0.000000,1808000000.000000,1808000000.000000,1808000000.000000,0.000000,0.000000,0.115000,6003000000.000000,2604000000.000000,15472000000.000000,0.709000,1.955000,17.620000,16.503000,58351000000.000000,0.000000,27.890000,1.981000,1.980000,8484000000.000000,29771000000.000000,15770000000.000000,15770000000.000000,0.000000,,,,,3000000.000000,3517000000.000000,1.000000,3887944130.000000,3886000000.000000,3886000000.000000,4.058000,122939000000.000000,1876000000.000000,889000000.000000,18036000000.000000,31.636000
MRQ,2006-09-30,2006-09-30,2006-09-30,2006-Q3,-10393000000.000000,126468407093.000000,2025-04-29,-566000000.000000,143892000000.000000,,13512000000.000000,130380000000.000000,,14.304000,-2116000000.000000,1251000000.000000,1251000000.000000,6923000000.000000,2165000000.000000,0.565000,1.597000,31512000000.000000,4713000000.000000,26799000000.000000,31512000000.000000,0.000000,2437000000.000000,0.000000,0.041000,0.333000,3675000000.000000,6112000000.000000,0.391000,6112000000.000000,3675000000.000000,3233000000.000000,0.560000,0.560000,0.560000,55401000000.000000,,55401000000.000000,155844407093.000000,14.000000,7.573000,1324000000.000000,0.342000,1.000000,8715000000.000000,0.557000,21113000000.000000,442000000.000000,129135000000.000000,,0.000000,35251000000.000000,0.000000,35251000000.000000,88491000000.000000,23905000000.000000,64586000000.000000,154000000.000000,17000000.000000,-984000000.000000,974000000.000000,-1292000000.000000,-1272000000.000000,-2014000000.000000,84000000.000000,3440000000.000000,0.000000,2165000000.000000,2165000000.000000,2165000000.000000,0.000000,0.000000,0.138000,5798000000.000000,2917000000.000000,14789000000.000000,0.595000,2.283000,17.880000,17.412000,57651000000.000000,0.000000,32.560000,2.105000,2.099000,8668000000.000000,30653000000.000000,15638000000.000000,15638000000.000000,0.000000,,,,,-5000000.000000,3361000000.000000,1.000000,3884164837.000000,3873000000.000000,3873000000.000000,4.038000,122779000000.000000,1598000000.000000,1068000000.000000,17678000000.000000,31.701000
MRQ,2006-12-31,2006-12-31,2006-12-31,2006-Q4,-14929000000.000000,137383753436.000000,2025-04-29,-5314000000.000000,270634000000.000000,,25553000000.000000,245081000000.000000,,30.066000,-2162000000.000000,2418000000.000000,2418000000.000000,7404000000.000000,1938000000.000000,0.631000,1.342000,59796000000.000000,9733000000.000000,50063000000.000000,59796000000.000000,3402000000.000000,2492000000.000000,0.000000,0.037000,0.333000,3259000000.000000,5751000000.000000,0.362000,5751000000.000000,3259000000.000000,2794000000.000000,0.490000,0.500000,0.490000,115540000000.000000,,115540000000.000000,167644753436.000000,13.000000,7.408000,2933000000.000000,0.763000,1.000000,8487000000.000000,0.534000,127397000000.000000,465000000.000000,160133000000.000000,,0.000000,1995000000.000000,0.000000,1995000000.000000,155094000000.000000,40482000000.000000,114612000000.000000,1167000000.000000,1167000000.000000,-1193000000.000000,-47000000.000000,-1280000000.000000,-2388000000.000000,-1540000000.000000,-471000000.000000,5095000000.000000,0.000000,1938000000.000000,1938000000.000000,1938000000.000000,0.000000,0.000000,0.122000,5911000000.000000,2576000000.000000,22106000000.000000,0.680000,1.189000,18.676000,18.915000,94596000000.000000,0.000000,35.750000,2.179000,2.179000,16194000000.000000,30375000000.000000,15891000000.000000,15891000000.000000,0.000000,,,,,-8000000.000000,3419000000.000000,1.000000,3842902194.000000,3842902194.000000,,4.135000,143237000000.000000,3034000000.000000,856000000.000000,30613000000.000000,37.273000
MRQ,2007-03-31,2007-03-31,2007-03-31,2007-Q1,-10053000000.000000,246206533294.000000,2025-04-29,-5186000000.000000,268276000000.000000,,24693000000.000000,243583000000.000000,,18.317000,-3338000000.000000,2364000000.000000,2364000000.000000,11252000000.000000,2848000000.000000,0.711000,1.353000,62586000000.000000,7119000000.000000,55467000000.000000,62586000000.000000,3766000000.000000,5616000000.000000,0.000000,0.034000,0.355000,5341000000.000000,10957000000.000000,0.378000,10957000000.000000,5341000000.000000,4468000000.000000,0.460000,0.450000,0.460000,114006000000.000000,,114006000000.000000,303584533294.000000,20.000000,10.661000,1310000000.000000,0.210000,1.000000,17717000000.000000,0.612000,127022000000.000000,873000000.000000,166730000000.000000,,0.000000,2110000000.000000,0.000000,2110000000.000000,154270000000.000000,34746000000.000000,119524000000.000000,-54000000.000000,11000000.000000,-2318000000.000000,2708000000.000000,-2218000000.000000,-1865000000.000000,-2837000000.000000,518000000.000000,4648000000.000000,0.000000,2848000000.000000,2848000000.000000,2848000000.000000,0.000000,0.000000,0.098000,13053000000.000000,4664000000.000000,17949000000.000000,0.772000,2.160000,28.109000,19.914000,93592000000.000000,0.000000,39.430000,3.228000,3.218000,15580000000.000000,30972000000.000000,28969000000.000000,28969000000.000000,0.000000,,,,,-47000000.000000,7437000000.000000,1.000000,6244142361.000000,6224000000.000000,6224000000.000000,4.654000,141254000000.000000,2571000000.000000,1620000000.000000,24881000000.000000,22.695000
MRQ,2007-06-30,2007-06-30,2007-06-30,2007-Q2,-14146000000.000000,255870584375.000000,2025-04-29,-5066000000.000000,267346000000.000000,,24393000000.000000,242953000000.000000,,18.171000,-4122000000.000000,2570000000.000000,2570000000.000000,11658000000.000000,2904000000.000000,0.633000,1.394000,61671000000.000000,7701000000.000000,53970000000.000000,61671000000.000000,3567000000.000000,5416000000.000000,0.000000,0.033000,0.355000,5281000000.000000,10697000000.000000,0.363000,10697000000.000000,5281000000.000000,4402000000.000000,0.470000,0.470000,0.470000,111661000000.000000,,111661000000.000000,316092584375.000000,18.000000,9.431000,6309000000.000000,1.027000,1.000000,17820000000.000000,0.605000,125189000000.000000,879000000.000000,162719000000.000000,,0.000000,2342000000.000000,0.000000,2342000000.000000,155685000000.000000,38539000000.000000,117146000000.000000,206000000.000000,288000000.000000,-3334000000.000000,-842000000.000000,-2196000000.000000,-6349000000.000000,-3876000000.000000,-9000000.000000,10431000000.000000,0.000000,2904000000.000000,2904000000.000000,2904000000.000000,0.000000,0.000000,0.099000,12876000000.000000,4944000000.000000,19171000000.000000,0.755000,2.291000,25.964000,20.960000,94055000000.000000,0.000000,41.500000,2.844000,2.834000,15368000000.000000,31706000000.000000,29478000000.000000,29478000000.000000,0.000000,,,,,-60000000.000000,7460000000.000000,1.000000,6165556250.000000,6145000000.000000,6145000000.000000,4.797000,142157000000.000000,2360000000.000000,1498000000.000000,26573000000.000000,23.134000
MRQ,2007-09-30,2007-09-30,2007-09-30,2007-Q3,-12631000000.000000,258047462587.000000,2025-04-29,-5050000000.000000,267968000000.000000,,25543000000.000000,242425000000.000000,,18.261000,-4664000000.000000,2714000000.000000,2714000000.000000,11736000000.000000,3063000000.000000,0.669000,1.410000,60611000000.000000,6026000000.000000,54585000000.000000,60611000000.000000,3471000000.000000,5322000000.000000,0.000000,0.033000,0.355000,5449000000.000000,10771000000.000000,0.357000,10771000000.000000,5449000000.000000,4562000000.000000,0.500000,0.500000,0.500000,111174000000.000000,,111174000000.000000,317148462587.000000,16.000000,8.308000,4602000000.000000,0.756000,1.000000,18396000000.000000,0.611000,123896000000.000000,887000000.000000,163795000000.000000,,0.000000,2403000000.000000,0.000000,2403000000.000000,156794000000.000000,38174000000.000000,118620000000.000000,144000000.000000,461000000.000000,-1524000000.000000,-1255000000.000000,-2170000000.000000,-4958000000.000000,-4164000000.000000,75000000.000000,9266000000.000000,0.000000,3063000000.000000,3063000000.000000,3063000000.000000,0.000000,0.000000,0.102000,13092000000.000000,5304000000.000000,20239000000.000000,0.710000,2.321000,23.998000,22.036000,94446000000.000000,0.000000,42.310000,2.470000,2.466000,16305000000.000000,32606000000.000000,30132000000.000000,30132000000.000000,0.000000,,,,,-42000000.000000,7770000000.000000,1.000000,6098970990.000000,6088000000.000000,6088000000.000000,4.949000,144072000000.000000,2433000000.000000,1499000000.000000,29035000000.000000,23.665000
MRQ,2007-12-31,2007-12-31,2007-12-31,2007-Q4,-14588000000.000000,252051376060.000000,2025-04-29,-380000000.000000,275644000000.000000,,24686000000.000000,250958000000.000000,,19.023000,-5593000000.000000,1970000000.000000,1970000000.000000,11985000000.000000,3332000000.000000,0.629000,1.389000,64115000000.000000,6860000000.000000,57255000000.000000,64115000000.000000,3571000000.000000,5223000000.000000,0.000000,0.034000,0.355000,5639000000.000000,10862000000.000000,0.358000,10862000000.000000,5639000000.000000,4771000000.000000,0.520000,0.520000,0.520000,115367000000.000000,,115367000000.000000,309948376060.000000,14.000000,7.160000,4304000000.000000,0.710000,1.000000,18364000000.000000,0.605000,129115000000.000000,868000000.000000,169400000000.000000,,0.000000,2270000000.000000,0.000000,2270000000.000000,160277000000.000000,39274000000.000000,121003000000.000000,-744000000.000000,-2039000000.000000,-1228000000.000000,573000000.000000,-2159000000.000000,-2842000000.000000,-7799000000.000000,-129000000.000000,9897000000.000000,0.000000,3136000000.000000,3136000000.000000,3136000000.000000,0.000000,196000000.000000,0.103000,12872000000.000000,5492000000.000000,21399000000.000000,0.683000,2.185000,21.090000,21.313000,95890000000.000000,0.000000,41.560000,2.119000,2.119000,16185000000.000000,33297000000.000000,30349000000.000000,30349000000.000000,0.000000,,,,,-24000000.000000,7649000000.000000,1.000000,6064758808.000000,6064758808.000000,,5.004000,146529000000.000000,2044000000.000000,1635000000.000000,29966000000.000000,24.161000
MRQ,2008-03-31,2008-03-31,2008-03-31,2008-Q1,-18183000000.000000,231168284582.000000,2025-04-29,-556000000.000000,278199000000.000000,,23946000000.000000,254253000000.000000,,18.719000,-4178000000.000000,1963000000.000000,1963000000.000000,11995000000.000000,3519000000.000000,0.568000,1.478000,73490000000.000000,13301000000.000000,60189000000.000000,73490000000.000000,3677000000.000000,4903000000.000000,0.000000,0.038000,0.400000,6256000000.000000,11159000000.000000,0.363000,11159000000.000000,6256000000.000000,5391000000.000000,0.580000,0.570000,0.580000,112258000000.000000,,112258000000.000000,293313284582.000000,13.000000,6.745000,779000000.000000,0.130000,1.000000,18749000000.000000,0.610000,131095000000.000000,865000000.000000,176502000000.000000,,0.000000,2578000000.000000,0.000000,2578000000.000000,165941000000.000000,42129000000.000000,123812000000.000000,-7000000.000000,-3615000000.000000,-3968000000.000000,9145000000.000000,-2422000000.000000,2735000000.000000,-7699000000.000000,131000000.000000,4957000000.000000,0.000000,3461000000.000000,3461000000.000000,3461000000.000000,0.000000,58000000.000000,0.113000,12769000000.000000,5980000000.000000,18590000000.000000,0.690000,2.059000,18.399000,18.502000,96238000000.000000,0.000000,38.300000,1.915000,1.903000,15697000000.000000,34311000000.000000,30744000000.000000,30744000000.000000,0.000000,,,,,-7000000.000000,7866000000.000000,1.000000,6035725446.000000,5997000000.000000,5997000000.000000,5.127000,147104000000.000000,1934000000.000000,1930000000.000000,29389000000.000000,24.530000
MRQ,2008-06-30,2008-06-30,2008-06-30,2008-Q2,-21886000000.000000,200152290000.000000,2025-04-29,-504000000.000000,284508000000.000000,,23225000000.000000,261283000000.000000,,18.889000,-5142000000.000000,1631000000.000000,1631000000.000000,11897000000.000000,3843000000.000000,0.515000,1.542000,80147000000.000000,16472000000.000000,63675000000.000000,80147000000.000000,3573000000.000000,4958000000.000000,0.000000,0.045000,0.400000,6737000000.000000,11695000000.000000,0.379000,11695000000.000000,6737000000.000000,5883000000.000000,0.640000,0.630000,0.640000,111937000000.000000,,111937000000.000000,271679290000.000000,11.000000,6.107000,3406000000.000000,0.575000,1.000000,18969000000.000000,0.615000,136711000000.000000,854000000.000000,181202000000.000000,,0.000000,2838000000.000000,0.000000,2838000000.000000,172571000000.000000,45111000000.000000,127460000000.000000,-332000000.000000,-5849000000.000000,-1799000000.000000,6764000000.000000,-2380000000.000000,2494000000.000000,-11374000000.000000,-204000000.000000,8548000000.000000,0.000000,3772000000.000000,3772000000.000000,3772000000.000000,0.000000,71000000.000000,0.122000,12402000000.000000,6567000000.000000,18927000000.000000,0.625000,1.788000,14.901000,15.040000,97368000000.000000,0.000000,33.690000,1.639000,1.635000,15971000000.000000,35719000000.000000,30866000000.000000,30866000000.000000,0.000000,,,,,-7000000.000000,7444000000.000000,1.000000,5941000000.000000,5926000000.000000,5926000000.000000,5.209000,147797000000.000000,1407000000.000000,2111000000.000000,28918000000.000000,24.940000
MRQ,2008-09-30,2008-09-30,2008-09-30,2008-Q3,-21893000000.000000,164532560000.000000,2025-04-29,-862000000.000000,284528000000.000000,,23445000000.000000,261083000000.000000,,19.094000,-5068000000.000000,1594000000.000000,1594000000.000000,13022000000.000000,3289000000.000000,0.517000,1.529000,76774000000.000000,17419000000.000000,59355000000.000000,76774000000.000000,3896000000.000000,4978000000.000000,0.000000,0.056000,0.400000,5793000000.000000,10771000000.000000,0.344000,10771000000.000000,5793000000.000000,4935000000.000000,0.550000,0.550000,0.550000,112518000000.000000,,112518000000.000000,243048560000.000000,10.000000,5.463000,4200000000.000000,0.713000,1.000000,18320000000.000000,0.585000,135779000000.000000,858000000.000000,178591000000.000000,,0.000000,2839000000.000000,0.000000,2839000000.000000,172010000000.000000,45338000000.000000,126672000000.000000,-37000000.000000,822000000.000000,7000000.000000,-2940000000.000000,-2348000000.000000,-5259000000.000000,-4046000000.000000,406000000.000000,9268000000.000000,0.000000,3230000000.000000,3230000000.000000,3230000000.000000,0.000000,59000000.000000,0.103000,12702000000.000000,5618000000.000000,18690000000.000000,0.727000,1.462000,12.099000,12.192000,97771000000.000000,0.000000,27.920000,1.334000,1.334000,16395000000.000000,36613000000.000000,31342000000.000000,31342000000.000000,0.000000,,,,,-1000000.000000,7724000000.000000,1.000000,5893000000.000000,5893000000.000000,5893000000.000000,5.319000,148749000000.000000,1560000000.000000,1705000000.000000,30752000000.000000,25.242000
MRQ,2008-12-31,2008-12-31,2008-12-31,2008-Q4,-19734000000.000000,167950500000.000000,2025-04-29,-17057000000.000000,265245000000.000000,,22556000000.000000,242689000000.000000,,16.349000,-5243000000.000000,1792000000.000000,1792000000.000000,19774000000.000000,-13015000000.000000,0.533000,1.749000,74991000000.000000,14119000000.000000,60872000000.000000,74991000000.000000,3849000000.000000,4834000000.000000,0.000000,0.056000,0.400000,-20252000000.000000,-15418000000.000000,-0.506000,-15418000000.000000,-20252000000.000000,-21044000000.000000,-2.200000,-2.190000,-2.200000,96347000000.000000,,96347000000.000000,243130500000.000000,-166.000000,13.354000,5594000000.000000,0.949000,1.000000,10717000000.000000,0.351000,135541000000.000000,792000000.000000,160613000000.000000,,0.000000,2332000000.000000,0.000000,2332000000.000000,168495000000.000000,42290000000.000000,126205000000.000000,198000000.000000,-715000000.000000,2000000.000000,-2545000000.000000,-2357000000.000000,-4660000000.000000,-5979000000.000000,171000000.000000,10837000000.000000,0.000000,-13088000000.000000,-13088000000.000000,-13088000000.000000,2000000.000000,73000000.000000,-0.429000,30572000000.000000,-19855000000.000000,20032000000.000000,-0.182000,1.743000,-63.981000,-64.773000,99088000000.000000,0.000000,28.500000,1.361000,1.361000,16047000000.000000,36591000000.000000,30491000000.000000,30491000000.000000,0.000000,,,,,15000000.000000,25738000000.000000,1.000000,5893000000.000000,5893000000.000000,,5.174000,129704000000.000000,1014000000.000000,-7956000000.000000,21070000000.000000,22.010000
MRQ,2009-03-31,2009-03-31,2009-03-31,2009-Q1,-13511000000.000000,148511341717.000000,2025-04-29,-16855000000.000000,264358000000.000000,,23521000000.000000,240837000000.000000,,16.501000,-3173000000.000000,3812000000.000000,3812000000.000000,12195000000.000000,3201000000.000000,0.635000,1.713000,74350000000.000000,10790000000.000000,63560000000.000000,74350000000.000000,4065000000.000000,4886000000.000000,0.000000,0.064000,0.410000,5784000000.000000,10670000000.000000,0.349000,10670000000.000000,5784000000.000000,4935000000.000000,0.530000,0.530000,0.530000,97291000000.000000,,97291000000.000000,221710341717.000000,-114.000000,12.513000,4742000000.000000,0.804000,1.000000,18376000000.000000,0.601000,134557000000.000000,849000000.000000,163307000000.000000,,0.000000,2413000000.000000,0.000000,2413000000.000000,166663000000.000000,37032000000.000000,129631000000.000000,2020000000.000000,181000000.000000,1000000.000000,280000000.000000,-2416000000.000000,-2738000000.000000,-3157000000.000000,15000000.000000,7915000000.000000,0.000000,3126000000.000000,3126000000.000000,3126000000.000000,0.000000,75000000.000000,0.102000,12639000000.000000,5737000000.000000,17359000000.000000,0.774000,1.526000,-50.173000,-52.500000,98339000000.000000,0.000000,25.200000,1.205000,1.205000,14965000000.000000,37296000000.000000,30571000000.000000,30571000000.000000,0.000000,,,,,0.000000,7753000000.000000,1.000000,5893307211.000000,5896000000.000000,5896000000.000000,5.185000,129801000000.000000,957000000.000000,1809000000.000000,21775000000.000000,22.015000
MRQ,2009-06-30,2009-06-30,2009-06-30,2009-Q2,-9279000000.000000,146556000000.000000,2025-04-29,-16308000000.000000,267918000000.000000,,26940000000.000000,240978000000.000000,,16.713000,-3844000000.000000,7348000000.000000,7348000000.000000,12557000000.000000,3276000000.000000,0.744000,1.713000,76720000000.000000,10155000000.000000,66565000000.000000,76720000000.000000,3932000000.000000,4847000000.000000,0.000000,0.065000,0.410000,5686000000.000000,10533000000.000000,0.344000,10533000000.000000,5686000000.000000,4810000000.000000,0.540000,0.540000,0.540000,98609000000.000000,,98609000000.000000,217094000000.000000,-73.000000,13.113000,4013000000.000000,0.680000,1.000000,18057000000.000000,0.590000,133820000000.000000,876000000.000000,167251000000.000000,,0.000000,2749000000.000000,0.000000,2749000000.000000,168906000000.000000,36219000000.000000,132687000000.000000,3528000000.000000,-37000000.000000,3000000.000000,1930000000.000000,-2418000000.000000,-263000000.000000,-4066000000.000000,-11000000.000000,7857000000.000000,0.000000,3198000000.000000,3198000000.000000,3198000000.000000,-3000000.000000,78000000.000000,0.104000,12557000000.000000,5500000000.000000,18046000000.000000,0.759000,1.486000,-41.470000,-42.828000,98229000000.000000,0.000000,24.840000,1.191000,1.191000,14846000000.000000,38069000000.000000,30614000000.000000,30614000000.000000,0.000000,,,,,0.000000,7682000000.000000,1.000000,5900000000.000000,5900000000.000000,5923000000.000000,5.189000,134098000000.000000,964000000.000000,1612000000.000000,22021000000.000000,22.728000
MRQ,2009-09-30,2009-09-30,2009-09-30,2009-Q3,-7347000000.000000,159359000000.000000,2025-04-29,-16161000000.000000,266568000000.000000,,25921000000.000000,240647000000.000000,,16.874000,-4017000000.000000,6167000000.000000,6167000000.000000,12907000000.000000,3275000000.000000,0.779000,1.673000,72664000000.000000,6755000000.000000,65909000000.000000,72664000000.000000,4036000000.000000,4881000000.000000,0.000000,0.060000,0.410000,5506000000.000000,10387000000.000000,0.338000,10387000000.000000,5506000000.000000,4655000000.000000,0.540000,0.540000,0.540000,99573000000.000000,,99573000000.000000,228731000000.000000,-70.000000,14.144000,5655000000.000000,0.958000,1.000000,17827000000.000000,0.580000,133143000000.000000,851000000.000000,166654000000.000000,,0.000000,2813000000.000000,0.000000,2813000000.000000,166567000000.000000,33268000000.000000,133299000000.000000,-1177000000.000000,-123000000.000000,4000000.000000,-4136000000.000000,-2418000000.000000,-6536000000.000000,-4313000000.000000,7000000.000000,9672000000.000000,0.000000,3192000000.000000,3192000000.000000,3192000000.000000,-7000000.000000,83000000.000000,0.104000,12455000000.000000,5372000000.000000,18093000000.000000,0.759000,1.600000,-44.613000,-45.780000,98321000000.000000,0.000000,27.010000,1.302000,1.302000,14796000000.000000,38841000000.000000,30734000000.000000,30734000000.000000,0.000000,,,,,0.000000,7574000000.000000,1.000000,5900000000.000000,5901000000.000000,5922000000.000000,5.208000,133425000000.000000,991000000.000000,1463000000.000000,24244000000.000000,22.611000
MRQ,2009-12-31,2009-12-31,2009-12-31,2009-Q4,-11764000000.000000,165405030000.000000,2025-04-29,2678000000.000000,268312000000.000000,,25187000000.000000,243125000000.000000,,17.211000,-5520000000.000000,3741000000.000000,3741000000.000000,12974000000.000000,2695000000.000000,0.682000,1.638000,72081000000.000000,7361000000.000000,64720000000.000000,72081000000.000000,4170000000.000000,4901000000.000000,0.000000,0.059000,0.410000,4622000000.000000,9523000000.000000,0.310000,9523000000.000000,4622000000.000000,3827000000.000000,0.450000,0.440000,0.450000,101564000000.000000,,101564000000.000000,231902030000.000000,11.000000,5.641000,3441000000.000000,0.583000,1.000000,17734000000.000000,0.578000,134410000000.000000,795000000.000000,165291000000.000000,,0.000000,2921000000.000000,0.000000,2921000000.000000,166323000000.000000,36951000000.000000,129372000000.000000,-2357000000.000000,-717000000.000000,20000000.000000,-2475000000.000000,-2418000000.000000,-4971000000.000000,-6347000000.000000,44000000.000000,8961000000.000000,0.000000,2622000000.000000,2622000000.000000,2622000000.000000,-14000000.000000,73000000.000000,0.085000,13346000000.000000,4388000000.000000,21260000000.000000,0.911000,1.629000,13.627000,13.607000,99519000000.000000,0.000000,28.030000,1.350000,1.350000,14845000000.000000,21944000000.000000,30708000000.000000,30708000000.000000,0.000000,,,,,0.000000,8445000000.000000,1.000000,5901000000.000000,5901000000.000000,,5.204000,133902000000.000000,1247000000.000000,1205000000.000000,25260000000.000000,22.691000
MRQ,2010-03-31,2010-03-31,2010-03-31,2010-Q1,-14344000000.000000,152509603478.000000,2025-04-29,-14265000000.000000,265701000000.000000,,22362000000.000000,243339000000.000000,,17.277000,-3148000000.000000,2617000000.000000,2617000000.000000,12383000000.000000,2540000000.000000,0.609000,1.600000,69461000000.000000,9437000000.000000,60024000000.000000,69461000000.000000,4061000000.000000,4780000000.000000,0.000000,0.064000,0.420000,6081000000.000000,10861000000.000000,0.356000,10861000000.000000,6081000000.000000,5316000000.000000,0.420000,0.410000,0.420000,102023000000.000000,,102023000000.000000,220788603478.000000,10.000000,5.345000,4090000000.000000,0.693000,1.000000,18147000000.000000,0.594000,134384000000.000000,765000000.000000,161455000000.000000,,0.000000,3278000000.000000,0.000000,3278000000.000000,163235000000.000000,36706000000.000000,126529000000.000000,-1193000000.000000,-177000000.000000,3000000.000000,-2189000000.000000,-2479000000.000000,-4909000000.000000,-3522000000.000000,-20000000.000000,7238000000.000000,0.000000,2453000000.000000,2453000000.000000,2453000000.000000,-2000000.000000,87000000.000000,0.080000,12176000000.000000,5971000000.000000,18087000000.000000,1.000000,1.495000,13.302000,13.251000,99360000000.000000,0.000000,25.840000,1.244000,1.245000,14167000000.000000,39373000000.000000,30530000000.000000,30530000000.000000,0.000000,,,,,0.000000,7396000000.000000,1.000000,5902074438.000000,5905000000.000000,5935000000.000000,5.170000,131317000000.000000,1293000000.000000,2863000000.000000,28159000000.000000,22.238000
MRQ,2010-06-30,2010-06-30,2010-06-30,2010-Q2,-14790000000.000000,142938710000.000000,2025-04-29,-14852000000.000000,267556000000.000000,,21392000000.000000,246164000000.000000,,17.439000,-4708000000.000000,1377000000.000000,1377000000.000000,12452000000.000000,4082000000.000000,0.591000,1.592000,69998000000.000000,9721000000.000000,60277000000.000000,69998000000.000000,3943000000.000000,4819000000.000000,0.000000,0.069000,0.420000,6917000000.000000,11736000000.000000,0.381000,11736000000.000000,6917000000.000000,6163000000.000000,0.680000,0.670000,0.680000,103046000000.000000,,103046000000.000000,209782710000.000000,9.000000,4.935000,3865000000.000000,0.654000,1.000000,18356000000.000000,0.596000,135027000000.000000,754000000.000000,164968000000.000000,,0.000000,4346000000.000000,0.000000,4346000000.000000,164073000000.000000,36182000000.000000,127891000000.000000,-1171000000.000000,-2363000000.000000,2000000.000000,808000000.000000,-2481000000.000000,-1961000000.000000,-7783000000.000000,-525000000.000000,8573000000.000000,0.000000,4003000000.000000,4003000000.000000,4003000000.000000,5000000.000000,79000000.000000,0.130000,12273000000.000000,6083000000.000000,18157000000.000000,0.618000,1.387000,11.649000,11.574000,100302000000.000000,0.000000,24.190000,1.164000,1.164000,13780000000.000000,40909000000.000000,30808000000.000000,30808000000.000000,0.000000,,,,,0.000000,7454000000.000000,1.000000,5909000000.000000,5909000000.000000,5937000000.000000,5.214000,132529000000.000000,1225000000.000000,2160000000.000000,27494000000.000000,22.428000
MRQ,2010-09-30,2010-09-30,2010-09-30,2010-Q3,-10697000000.000000,168997400000.000000,2025-04-29,-14888000000.000000,269252000000.000000,,21977000000.000000,247275000000.000000,,19.122000,-5314000000.000000,3246000000.000000,3246000000.000000,13605000000.000000,12396000000.000000,0.673000,1.380000,68966000000.000000,6426000000.000000,62540000000.000000,68966000000.000000,3933000000.000000,4873000000.000000,0.000000,0.058000,0.420000,6475000000.000000,11348000000.000000,0.359000,11348000000.000000,6475000000.000000,5746000000.000000,2.080000,2.070000,2.080000,112994000000.000000,,112994000000.000000,237618400000.000000,10.000000,5.467000,4225000000.000000,0.715000,1.000000,17976000000.000000,0.569000,134454000000.000000,729000000.000000,167844000000.000000,,0.000000,4544000000.000000,0.000000,4544000000.000000,155959000000.000000,32674000000.000000,123285000000.000000,1869000000.000000,1746000000.000000,19000000.000000,-1697000000.000000,-2476000000.000000,-4019000000.000000,-3651000000.000000,108000000.000000,9539000000.000000,0.000000,12319000000.000000,12319000000.000000,12319000000.000000,-780000000.000000,77000000.000000,0.390000,12545000000.000000,5431000000.000000,18417000000.000000,0.202000,1.496000,7.898000,7.879000,101475000000.000000,0.000000,28.600000,1.367000,1.367000,13606000000.000000,50751000000.000000,31581000000.000000,31581000000.000000,0.000000,,,,,0.000000,7672000000.000000,1.000000,5909000000.000000,5909000000.000000,5938000000.000000,5.345000,134798000000.000000,1059000000.000000,-6573000000.000000,22067000000.000000,22.812000
MRQ,2010-12-31,2010-12-31,2010-12-31,2010-Q4,-14000000000.000000,173635800000.000000,2025-04-29,2712000000.000000,269391000000.000000,,20854000000.000000,248537000000.000000,,18.891000,-6360000000.000000,1437000000.000000,1437000000.000000,11817000000.000000,1161000000.000000,0.598000,1.410000,66167000000.000000,7196000000.000000,58971000000.000000,66167000000.000000,4086000000.000000,4907000000.000000,0.000000,0.057000,0.420000,2223000000.000000,7130000000.000000,0.227000,7130000000.000000,2223000000.000000,1477000000.000000,0.180000,0.190000,0.180000,111647000000.000000,,111647000000.000000,239355800000.000000,11.000000,5.827000,3512000000.000000,0.594000,1.000000,19544000000.000000,0.623000,134121000000.000000,746000000.000000,165146000000.000000,,0.000000,4515000000.000000,0.000000,4515000000.000000,157441000000.000000,34854000000.000000,122587000000.000000,-1581000000.000000,-282000000.000000,26000000.000000,-2389000000.000000,-2480000000.000000,-4960000000.000000,-6493000000.000000,337000000.000000,9872000000.000000,0.000000,1089000000.000000,1089000000.000000,1089000000.000000,-2000000.000000,72000000.000000,0.035000,17456000000.000000,2088000000.000000,20055000000.000000,2.333000,1.555000,8.741000,8.744000,103196000000.000000,0.000000,29.380000,1.397000,1.397000,13610000000.000000,31792000000.000000,31361000000.000000,31361000000.000000,0.000000,,,,,0.000000,12464000000.000000,1.000000,5910000000.000000,5910000000.000000,,5.306000,135270000000.000000,1170000000.000000,388000000.000000,23045000000.000000,22.888000
MRQ,2011-03-31,2011-03-31,2011-03-31,2011-Q1,-13517000000.000000,180948976986.000000,2025-04-29,2713000000.000000,268085000000.000000,,19737000000.000000,248348000000.000000,,18.995000,-4133000000.000000,1391000000.000000,1391000000.000000,12813000000.000000,3468000000.000000,0.594000,1.379000,65028000000.000000,6902000000.000000,58126000000.000000,65028000000.000000,3959000000.000000,4584000000.000000,0.000000,0.055000,0.430000,6056000000.000000,10640000000.000000,0.341000,10640000000.000000,6056000000.000000,5210000000.000000,0.570000,0.570000,0.570000,112544000000.000000,,112544000000.000000,245678976986.000000,11.000000,6.014000,3599000000.000000,0.607000,1.000000,18434000000.000000,0.590000,133575000000.000000,846000000.000000,164893000000.000000,,0.000000,4845000000.000000,0.000000,4845000000.000000,155242000000.000000,33254000000.000000,121988000000.000000,-46000000.000000,-43000000.000000,18000000.000000,-1300000000.000000,-2540000000.000000,-3703000000.000000,-4075000000.000000,127000000.000000,7732000000.000000,0.000000,3408000000.000000,3408000000.000000,3408000000.000000,0.000000,60000000.000000,0.109000,12626000000.000000,5808000000.000000,18349000000.000000,0.754000,1.608000,8.692000,8.721000,103369000000.000000,0.000000,30.610000,1.448000,1.451000,13246000000.000000,32649000000.000000,31247000000.000000,31247000000.000000,0.000000,,,,,0.000000,8042000000.000000,1.000000,5911433420.000000,5925000000.000000,5945000000.000000,5.274000,134510000000.000000,1157000000.000000,1802000000.000000,24648000000.000000,22.702000
MRQ,2011-06-30,2011-06-30,2011-06-30,2011-Q2,-11298000000.000000,186010020000.000000,2025-04-29,2720000000.000000,272014000000.000000,,22239000000.000000,249775000000.000000,,19.185000,-5272000000.000000,3831000000.000000,3831000000.000000,12756000000.000000,3658000000.000000,0.663000,1.388000,66573000000.000000,7910000000.000000,58663000000.000000,66573000000.000000,3804000000.000000,4602000000.000000,0.000000,0.054000,0.430000,6332000000.000000,10934000000.000000,0.347000,10934000000.000000,6332000000.000000,5484000000.000000,0.600000,0.600000,0.600000,113803000000.000000,,113803000000.000000,249647020000.000000,12.000000,6.233000,3753000000.000000,0.633000,1.000000,18739000000.000000,0.595000,133044000000.000000,848000000.000000,168175000000.000000,,0.000000,5207000000.000000,0.000000,5207000000.000000,157905000000.000000,33537000000.000000,124368000000.000000,2440000000.000000,11000000.000000,181000000.000000,1392000000.000000,-2542000000.000000,-1210000000.000000,-5375000000.000000,-82000000.000000,9025000000.000000,0.000000,3591000000.000000,3591000000.000000,3591000000.000000,0.000000,67000000.000000,0.114000,12574000000.000000,6165000000.000000,18145000000.000000,0.717000,1.634000,9.115000,9.157000,104606000000.000000,0.000000,31.410000,1.480000,1.482000,13608000000.000000,33687000000.000000,31495000000.000000,31495000000.000000,0.000000,,,,,0.000000,7972000000.000000,1.000000,5922000000.000000,5932000000.000000,5953000000.000000,5.309000,138970000000.000000,1180000000.000000,1893000000.000000,26195000000.000000,23.427000
MRQ,2011-09-30,2011-09-30,2011-09-30,2011-Q3,-5426000000.000000,169009520000.000000,2025-04-29,1677000000.000000,277653000000.000000,,28605000000.000000,249048000000.000000,,19.140000,-5220000000.000000,10762000000.000000,10762000000.000000,12656000000.000000,3686000000.000000,0.841000,1.441000,71226000000.000000,8900000000.000000,62326000000.000000,71226000000.000000,3794000000.000000,4618000000.000000,0.000000,0.060000,0.430000,6411000000.000000,11029000000.000000,0.350000,11029000000.000000,6411000000.000000,5522000000.000000,0.610000,0.610000,0.610000,113615000000.000000,,113615000000.000000,231751520000.000000,11.000000,5.833000,5173000000.000000,0.871000,1.000000,18822000000.000000,0.598000,132565000000.000000,889000000.000000,171521000000.000000,,0.000000,4483000000.000000,0.000000,4483000000.000000,163771000000.000000,34031000000.000000,129740000000.000000,6931000000.000000,-322000000.000000,17000000.000000,4925000000.000000,-2545000000.000000,2113000000.000000,-5575000000.000000,0.000000,10393000000.000000,0.000000,3623000000.000000,3623000000.000000,3623000000.000000,0.000000,63000000.000000,0.115000,12587000000.000000,6235000000.000000,17860000000.000000,0.705000,1.488000,14.432000,14.551000,105786000000.000000,0.000000,28.520000,1.346000,1.348000,13377000000.000000,34758000000.000000,31478000000.000000,31478000000.000000,0.000000,,,,,0.000000,7969000000.000000,1.000000,5926000000.000000,5936000000.000000,5954000000.000000,5.303000,145088000000.000000,1101000000.000000,1899000000.000000,27375000000.000000,24.442000
MRQ,2011-12-31,2011-12-31,2011-12-31,2011-Q4,-7907000000.000000,179202240000.000000,2025-04-29,3180000000.000000,270442000000.000000,,22985000000.000000,247457000000.000000,,17.809000,-5485000000.000000,3045000000.000000,3045000000.000000,16679000000.000000,-6628000000.000000,0.744000,1.560000,64753000000.000000,3453000000.000000,61300000000.000000,64753000000.000000,3872000000.000000,4573000000.000000,0.000000,0.057000,0.430000,-8788000000.000000,-4215000000.000000,-0.130000,-4215000000.000000,-8788000000.000000,-9740000000.000000,-1.130000,-1.130000,-1.130000,105534000000.000000,,105534000000.000000,239666240000.000000,24.000000,8.443000,2108000000.000000,0.356000,1.000000,15824000000.000000,0.487000,130185000000.000000,952000000.000000,171073000000.000000,,0.000000,3718000000.000000,0.000000,3718000000.000000,164645000000.000000,30892000000.000000,133753000000.000000,-7481000000.000000,-713000000.000000,21000000.000000,-6308000000.000000,-2545000000.000000,-8849000000.000000,-6225000000.000000,17000000.000000,7593000000.000000,0.000000,-6678000000.000000,-6678000000.000000,-6678000000.000000,0.000000,50000000.000000,-0.205000,24814000000.000000,-8990000000.000000,19956000000.000000,-0.381000,1.698000,45.437000,45.818000,107087000000.000000,0.000000,30.240000,1.414000,1.414000,13231000000.000000,25453000000.000000,32503000000.000000,32503000000.000000,0.000000,,,,,0.000000,17331000000.000000,1.000000,5926000000.000000,5926000000.000000,,5.485000,140257000000.000000,1470000000.000000,-3062000000.000000,26751000000.000000,23.668000
MRQ,2012-03-31,2012-03-31,2012-03-31,2012-Q1,-11755000000.000000,185154914217.000000,2025-04-29,3386000000.000000,269356000000.000000,,20765000000.000000,248591000000.000000,,17.725000,-4261000000.000000,2442000000.000000,2442000000.000000,12817000000.000000,3652000000.000000,0.639000,1.565000,65709000000.000000,6775000000.000000,58934000000.000000,65709000000.000000,3966000000.000000,4560000000.000000,0.000000,0.055000,0.440000,6308000000.000000,10868000000.000000,0.342000,10868000000.000000,6308000000.000000,5449000000.000000,0.600000,0.600000,0.600000,104899000000.000000,,104899000000.000000,246722914217.000000,24.000000,8.622000,3584000000.000000,0.606000,1.000000,19005000000.000000,0.597000,130299000000.000000,859000000.000000,169804000000.000000,,0.000000,4302000000.000000,0.000000,4302000000.000000,164169000000.000000,32520000000.000000,131649000000.000000,-694000000.000000,-417000000.000000,-1848000000.000000,782000000.000000,-2606000000.000000,-3802000000.000000,-4737000000.000000,5000000.000000,7845000000.000000,0.000000,3584000000.000000,3584000000.000000,3584000000.000000,0.000000,68000000.000000,0.113000,12904000000.000000,6101000000.000000,17593000000.000000,0.733000,1.765000,44.941000,45.926000,107231000000.000000,0.000000,31.230000,1.454000,1.452000,13167000000.000000,26446000000.000000,31822000000.000000,31822000000.000000,0.000000,,,,,0.000000,8344000000.000000,1.000000,5928751656.000000,5918000000.000000,5940000000.000000,5.377000,139057000000.000000,1463000000.000000,1865000000.000000,27737000000.000000,23.497000
MRQ,2012-06-30,2012-06-30,2012-06-30,2012-Q2,-10546000000.000000,209074580000.000000,2025-04-29,2939000000.000000,266294000000.000000,,19156000000.000000,247138000000.000000,,17.640000,-4481000000.000000,2151000000.000000,2151000000.000000,12254000000.000000,3965000000.000000,0.645000,1.575000,64534000000.000000,3402000000.000000,61132000000.000000,64534000000.000000,3743000000.000000,4499000000.000000,0.000000,0.049000,0.440000,6909000000.000000,11408000000.000000,0.361000,11408000000.000000,6909000000.000000,5968000000.000000,0.670000,0.660000,0.670000,103280000000.000000,,103280000000.000000,272341580000.000000,25.000000,9.362000,4999000000.000000,0.854000,1.000000,19321000000.000000,0.612000,128670000000.000000,941000000.000000,170305000000.000000,,0.000000,4388000000.000000,0.000000,4388000000.000000,162715000000.000000,29702000000.000000,133013000000.000000,-474000000.000000,740000000.000000,-2399000000.000000,-882000000.000000,-2581000000.000000,-6266000000.000000,-3688000000.000000,119000000.000000,9480000000.000000,0.000000,3902000000.000000,3902000000.000000,3902000000.000000,0.000000,63000000.000000,0.124000,12504000000.000000,6817000000.000000,16298000000.000000,0.657000,2.024000,47.185000,47.547000,107483000000.000000,0.000000,35.660000,1.641000,1.639000,12430000000.000000,27788000000.000000,31575000000.000000,31575000000.000000,0.000000,,,,,0.000000,8005000000.000000,1.000000,5863000000.000000,5855000000.000000,5876000000.000000,5.393000,137624000000.000000,1418000000.000000,2066000000.000000,29716000000.000000,23.505000
MRQ,2012-09-30,2012-09-30,2012-09-30,2012-Q3,-11840000000.000000,217491300000.000000,2025-04-29,3106000000.000000,266849000000.000000,,18958000000.000000,247891000000.000000,,17.494000,-4877000000.000000,2217000000.000000,2217000000.000000,12602000000.000000,3701000000.000000,0.616000,1.640000,63747000000.000000,3433000000.000000,60314000000.000000,63747000000.000000,3709000000.000000,4512000000.000000,0.000000,0.046000,0.440000,6200000000.000000,10712000000.000000,0.341000,10712000000.000000,6200000000.000000,5376000000.000000,0.630000,0.630000,0.630000,100957000000.000000,,100957000000.000000,279874300000.000000,26.000000,9.727000,6454000000.000000,1.118000,1.000000,18857000000.000000,0.599000,128504000000.000000,824000000.000000,169077000000.000000,,0.000000,4563000000.000000,0.000000,4563000000.000000,165575000000.000000,30798000000.000000,134777000000.000000,-88000000.000000,-67000000.000000,-3667000000.000000,-1007000000.000000,-2551000000.000000,-6593000000.000000,-4826000000.000000,187000000.000000,11331000000.000000,0.000000,3635000000.000000,3635000000.000000,3635000000.000000,0.000000,66000000.000000,0.116000,12820000000.000000,6037000000.000000,18936000000.000000,0.698000,2.154000,48.951000,48.961000,108217000000.000000,0.000000,37.700000,1.708000,1.708000,12398000000.000000,28907000000.000000,31459000000.000000,31459000000.000000,0.000000,,,,,0.000000,8308000000.000000,1.000000,5769000000.000000,5771000000.000000,5792000000.000000,5.451000,138345000000.000000,1312000000.000000,1741000000.000000,31301000000.000000,23.972000
MRQ,2012-12-31,2012-12-31,2012-12-31,2012-Q4,-9081000000.000000,191472800000.000000,2025-04-29,5236000000.000000,272315000000.000000,,22706000000.000000,249609000000.000000,,16.261000,-5846000000.000000,4868000000.000000,4868000000.000000,17555000000.000000,-3779000000.000000,0.714000,1.945000,69844000000.000000,3486000000.000000,66358000000.000000,69844000000.000000,4225000000.000000,4572000000.000000,0.000000,0.052000,0.440000,-5809000000.000000,-1237000000.000000,-0.038000,-1237000000.000000,-5809000000.000000,-6629000000.000000,-0.650000,-0.650000,-0.650000,92362000000.000000,,92362000000.000000,253002800000.000000,19.000000,7.968000,4674000000.000000,0.823000,1.000000,15023000000.000000,0.461000,128548000000.000000,820000000.000000,176956000000.000000,,0.000000,4581000000.000000,0.000000,4581000000.000000,179620000000.000000,31787000000.000000,147833000000.000000,3079000000.000000,-272000000.000000,-4361000000.000000,5861000000.000000,-2503000000.000000,-1012000000.000000,-6429000000.000000,-246000000.000000,10520000000.000000,0.000000,-3857000000.000000,-3857000000.000000,-3857000000.000000,0.000000,78000000.000000,-0.118000,20981000000.000000,-5958000000.000000,20494000000.000000,-0.677000,2.073000,26.359000,26.968000,109767000000.000000,0.000000,33.710000,1.503000,1.503000,12657000000.000000,22481000000.000000,32578000000.000000,32578000000.000000,0.000000,,,,,0.000000,16409000000.000000,1.000000,5680000000.000000,5680000000.000000,,5.736000,143767000000.000000,1036000000.000000,-2772000000.000000,29517000000.000000,25.311000
MRQ,2013-03-31,2013-03-31,2013-03-31,2013-Q1,-9414000000.000000,201487152151.000000,2025-04-29,5344000000.000000,270994000000.000000,,20372000000.000000,250622000000.000000,,15.962000,-4252000000.000000,3875000000.000000,3875000000.000000,12554000000.000000,3773000000.000000,0.684000,2.076000,74132000000.000000,3446000000.000000,70686000000.000000,74132000000.000000,4167000000.000000,4529000000.000000,0.000000,0.048000,0.450000,6084000000.000000,10613000000.000000,0.338000,10613000000.000000,6084000000.000000,5257000000.000000,0.670000,0.670000,0.670000,87998000000.000000,,87998000000.000000,266463152151.000000,20.000000,8.460000,3947000000.000000,0.716000,1.000000,18802000000.000000,0.600000,129491000000.000000,827000000.000000,181974000000.000000,,0.000000,4998000000.000000,0.000000,4998000000.000000,182656000000.000000,29786000000.000000,152870000000.000000,-993000000.000000,-1040000000.000000,-5855000000.000000,4832000000.000000,-2502000000.000000,-3835000000.000000,-5357000000.000000,0.000000,8199000000.000000,0.000000,3700000000.000000,3700000000.000000,3700000000.000000,0.000000,73000000.000000,0.118000,12862000000.000000,5940000000.000000,17523000000.000000,0.672000,2.290000,27.302000,27.795000,109702000000.000000,0.000000,36.690000,1.587000,1.593000,12100000000.000000,23787000000.000000,31356000000.000000,31356000000.000000,0.000000,,,,,0.000000,8333000000.000000,1.000000,5491609489.000000,5513000000.000000,5530000000.000000,5.688000,141503000000.000000,980000000.000000,1557000000.000000,31128000000.000000,25.667000
MRQ,2013-06-30,2013-06-30,2013-06-30,2013-Q2,-9761000000.000000,190452000000.000000,2025-04-29,5107000000.000000,272093000000.000000,,21428000000.000000,250665000000.000000,,15.978000,-5413000000.000000,4548000000.000000,4548000000.000000,13270000000.000000,3880000000.000000,0.687000,2.161000,75173000000.000000,3256000000.000000,71917000000.000000,75173000000.000000,4029000000.000000,4571000000.000000,0.000000,0.050000,0.450000,6561000000.000000,11132000000.000000,0.347000,11132000000.000000,6561000000.000000,5736000000.000000,0.710000,0.710000,0.710000,85980000000.000000,,85980000000.000000,260709000000.000000,20.000000,8.351000,4099000000.000000,0.762000,1.000000,18805000000.000000,0.586000,129468000000.000000,825000000.000000,182061000000.000000,,0.000000,3888000000.000000,0.000000,3888000000.000000,185778000000.000000,31189000000.000000,154589000000.000000,673000000.000000,683000000.000000,-3258000000.000000,1004000000.000000,-2428000000.000000,-4331000000.000000,-4508000000.000000,301000000.000000,9512000000.000000,0.000000,3822000000.000000,3822000000.000000,3822000000.000000,0.000000,58000000.000000,0.119000,12692000000.000000,6113000000.000000,19438000000.000000,0.634000,2.215000,26.089000,26.029000,110734000000.000000,0.000000,35.400000,1.494000,1.494000,12508000000.000000,25212000000.000000,32075000000.000000,32075000000.000000,0.000000,,,,,0.000000,8121000000.000000,1.000000,5380000000.000000,5381000000.000000,5397000000.000000,5.961000,142625000000.000000,953000000.000000,1914000000.000000,31465000000.000000,26.505000
MRQ,2013-09-30,2013-09-30,2013-09-30,2013-Q3,-17748000000.000000,179618020000.000000,2025-04-29,5282000000.000000,274599000000.000000,,18435000000.000000,256164000000.000000,,16.127000,-5900000000.000000,1371000000.000000,1371000000.000000,13403000000.000000,3905000000.000000,0.509000,2.199000,76223000000.000000,7873000000.000000,68350000000.000000,76223000000.000000,4013000000.000000,4615000000.000000,0.000000,0.053000,0.450000,6238000000.000000,10853000000.000000,0.337000,10853000000.000000,6238000000.000000,5409000000.000000,0.720000,0.720000,0.720000,85715000000.000000,,85715000000.000000,250243020000.000000,19.000000,7.979000,3268000000.000000,0.615000,1.000000,18755000000.000000,0.583000,132214000000.000000,829000000.000000,181054000000.000000,,0.000000,3949000000.000000,0.000000,3949000000.000000,188469000000.000000,36183000000.000000,152286000000.000000,-3177000000.000000,-2822000000.000000,-1913000000.000000,300000000.000000,-2395000000.000000,-3550000000.000000,-8795000000.000000,0.000000,9168000000.000000,0.000000,3814000000.000000,3814000000.000000,3814000000.000000,0.000000,91000000.000000,0.119000,12567000000.000000,6188000000.000000,20433000000.000000,0.625000,2.096000,24.016000,23.324000,112424000000.000000,0.000000,33.820000,1.401000,1.402000,12444000000.000000,26648000000.000000,32158000000.000000,32158000000.000000,0.000000,,,,,0.000000,7952000000.000000,1.000000,5311000000.000000,5315000000.000000,5331000000.000000,6.050000,142385000000.000000,682000000.000000,1595000000.000000,32154000000.000000,26.789000
MRQ,2013-12-31,2013-12-31,2013-12-31,2013-Q4,-11799000000.000000,185222880000.000000,2025-04-29,7880000000.000000,277787000000.000000,,23196000000.000000,254591000000.000000,,17.272000,-5379000000.000000,3339000000.000000,3339000000.000000,11964000000.000000,7164000000.000000,0.663000,2.048000,74788000000.000000,5498000000.000000,69290000000.000000,74788000000.000000,4212000000.000000,4680000000.000000,0.000000,0.051000,0.450000,12803000000.000000,17483000000.000000,0.527000,17483000000.000000,12803000000.000000,11344000000.000000,1.320000,1.330000,1.320000,90988000000.000000,,90988000000.000000,260074880000.000000,8.000000,5.193000,2538000000.000000,0.482000,1.000000,21199000000.000000,0.639000,131485000000.000000,1459000000.000000,182756000000.000000,,0.000000,3860000000.000000,0.000000,3860000000.000000,186305000000.000000,34995000000.000000,151310000000.000000,1968000000.000000,989000000.000000,-1888000000.000000,3022000000.000000,-2371000000.000000,-1485000000.000000,-4464000000.000000,0.000000,7917000000.000000,0.000000,7082000000.000000,7082000000.000000,7082000000.000000,0.000000,82000000.000000,0.214000,8688000000.000000,12511000000.000000,21107000000.000000,0.341000,2.036000,10.057000,10.281000,110968000000.000000,0.000000,35.160000,1.439000,1.439000,12918000000.000000,31141000000.000000,33163000000.000000,33163000000.000000,0.000000,,,,,0.000000,4008000000.000000,1.000000,5268000000.000000,5268000000.000000,,6.295000,146302000000.000000,1199000000.000000,4262000000.000000,38082000000.000000,27.772000
MRQ,2014-03-31,2014-03-31,2014-03-31,2014-Q1,-15741000000.000000,182604211614.000000,2025-04-29,7666000000.000000,285340000000.000000,,24089000000.000000,261251000000.000000,,17.408000,-5716000000.000000,3611000000.000000,3611000000.000000,13321000000.000000,3734000000.000000,0.605000,2.134000,79876000000.000000,8301000000.000000,71575000000.000000,79876000000.000000,4121000000.000000,4617000000.000000,0.000000,0.052000,0.460000,6429000000.000000,11046000000.000000,0.340000,11046000000.000000,6429000000.000000,5569000000.000000,0.700000,0.700000,0.700000,90906000000.000000,,90906000000.000000,254053211614.000000,8.000000,5.029000,3083000000.000000,0.590000,1.000000,19155000000.000000,0.590000,135819000000.000000,860000000.000000,185956000000.000000,,0.000000,3613000000.000000,0.000000,3613000000.000000,193971000000.000000,39830000000.000000,154141000000.000000,272000000.000000,-311000000.000000,-1224000000.000000,1103000000.000000,-2398000000.000000,-2445000000.000000,-6082000000.000000,0.000000,8799000000.000000,0.000000,3652000000.000000,3652000000.000000,3652000000.000000,0.000000,82000000.000000,0.112000,12877000000.000000,6278000000.000000,22234000000.000000,0.657000,2.009000,9.940000,10.165000,112809000000.000000,0.000000,35.070000,1.406000,1.410000,13120000000.000000,32402000000.000000,32476000000.000000,32476000000.000000,0.000000,,,,,0.000000,8260000000.000000,1.000000,5206849490.000000,5222000000.000000,5238000000.000000,6.219000,149521000000.000000,1171000000.000000,1917000000.000000,39232000000.000000,28.633000
MRQ,2014-06-30,2014-06-30,2014-06-30,2014-Q2,-10676000000.000000,183518400000.000000,2025-04-29,7851000000.000000,293466000000.000000,,33112000000.000000,260354000000.000000,,17.704000,-5933000000.000000,11305000000.000000,11305000000.000000,14212000000.000000,3621000000.000000,0.756000,2.180000,84052000000.000000,10482000000.000000,73570000000.000000,84052000000.000000,3990000000.000000,4550000000.000000,0.000000,0.051000,0.460000,6913000000.000000,11463000000.000000,0.352000,11463000000.000000,6913000000.000000,6032000000.000000,0.680000,0.680000,0.680000,92132000000.000000,,92132000000.000000,259783400000.000000,8.000000,5.109000,2137000000.000000,0.411000,1.000000,18363000000.000000,0.564000,136129000000.000000,881000000.000000,186296000000.000000,,0.000000,159000000.000000,0.000000,159000000.000000,200841000000.000000,43788000000.000000,157053000000.000000,7694000000.000000,4375000000.000000,-145000000.000000,4087000000.000000,-2386000000.000000,1243000000.000000,-1619000000.000000,2000000.000000,8070000000.000000,0.000000,3547000000.000000,3547000000.000000,3547000000.000000,0.000000,74000000.000000,0.109000,12747000000.000000,5616000000.000000,22966000000.000000,0.676000,1.992000,10.142000,10.339000,114360000000.000000,0.000000,35.360000,1.408000,1.411000,13001000000.000000,33554000000.000000,32575000000.000000,32575000000.000000,0.000000,,,,,0.000000,8197000000.000000,1.000000,5190000000.000000,5204000000.000000,5220000000.000000,6.260000,157337000000.000000,1180000000.000000,2485000000.000000,40797000000.000000,30.234000
MRQ,2014-09-30,2014-09-30,2014-09-30,2014-Q3,-14144000000.000000,182754640000.000000,2025-04-29,7926000000.000000,287939000000.000000,,25835000000.000000,262104000000.000000,,17.817000,-5180000000.000000,2458000000.000000,2458000000.000000,14336000000.000000,3187000000.000000,0.646000,2.104000,75625000000.000000,5109000000.000000,70516000000.000000,75625000000.000000,4038000000.000000,4539000000.000000,0.000000,0.052000,0.460000,5590000000.000000,10129000000.000000,0.307000,10129000000.000000,5590000000.000000,4574000000.000000,0.600000,0.600000,0.600000,92613000000.000000,,92613000000.000000,255501640000.000000,8.000000,5.098000,3544000000.000000,0.682000,1.000000,18621000000.000000,0.565000,137167000000.000000,1016000000.000000,183960000000.000000,,0.000000,166000000.000000,0.000000,166000000.000000,194820000000.000000,39979000000.000000,154841000000.000000,-8847000000.000000,-43000000.000000,-214000000.000000,-7018000000.000000,-2386000000.000000,-10292000000.000000,-7279000000.000000,-1995000000.000000,8724000000.000000,0.000000,3130000000.000000,3130000000.000000,3130000000.000000,0.000000,57000000.000000,0.095000,13014000000.000000,5607000000.000000,24119000000.000000,0.767000,1.973000,10.497000,10.679000,115134000000.000000,0.000000,35.240000,1.393000,1.396000,13445000000.000000,34165000000.000000,32957000000.000000,32957000000.000000,0.000000,,,,,0.000000,8475000000.000000,1.000000,5186000000.000000,5198000000.000000,5214000000.000000,6.340000,150772000000.000000,1030000000.000000,1444000000.000000,41721000000.000000,29.006000
MRQ,2014-12-31,2014-12-31,2014-12-31,2014-Q4,-3676000000.000000,174231330000.000000,2025-04-29,8061000000.000000,296834000000.000000,,33606000000.000000,263228000000.000000,,17.296000,-4370000000.000000,8603000000.000000,8603000000.000000,18456000000.000000,-3918000000.000000,0.901000,2.302000,81834000000.000000,6056000000.000000,75778000000.000000,81834000000.000000,4105000000.000000,4567000000.000000,0.000000,0.055000,0.460000,-5438000000.000000,-871000000.000000,-0.025000,-871000000.000000,-5438000000.000000,-6294000000.000000,-0.760000,-0.760000,-0.760000,89716000000.000000,,89716000000.000000,247398330000.000000,18.000000,7.744000,1375000000.000000,0.265000,1.000000,15983000000.000000,0.464000,136655000000.000000,856000000.000000,196128000000.000000,,0.000000,250000000.000000,0.000000,250000000.000000,206564000000.000000,37282000000.000000,169282000000.000000,6145000000.000000,961000000.000000,5000000.000000,7445000000.000000,-2382000000.000000,3757000000.000000,-3357000000.000000,103000000.000000,5745000000.000000,0.000000,-3999000000.000000,-3999000000.000000,-3999000000.000000,0.000000,81000000.000000,-0.116000,21452000000.000000,-5469000000.000000,23592000000.000000,-0.605000,1.942000,27.046000,27.089000,112898000000.000000,0.000000,33.590000,1.315000,1.315000,14527000000.000000,31081000000.000000,34439000000.000000,34439000000.000000,0.000000,,,,,0.000000,14765000000.000000,1.000000,5187000000.000000,5187000000.000000,,6.639000,160179000000.000000,0.000000,-2295000000.000000,39527000000.000000,30.881000
MRQ,2015-03-31,2015-03-31,2015-03-31,2015-Q1,-10241000000.000000,169458980400.000000,2025-04-29,7341000000.000000,308028000000.000000,,27410000000.000000,280618000000.000000,,16.625000,-3848000000.000000,4444000000.000000,4444000000.000000,14480000000.000000,3339000000.000000,0.728000,2.554000,96453000000.000000,8181000000.000000,88272000000.000000,96453000000.000000,4221000000.000000,4578000000.000000,0.000000,0.057000,0.470000,5551000000.000000,10129000000.000000,0.311000,10129000000.000000,5551000000.000000,4652000000.000000,0.630000,0.630000,0.630000,86499000000.000000,,86499000000.000000,242922980400.000000,19.000000,7.874000,2890000000.000000,0.555000,1.000000,18096000000.000000,0.556000,157324000000.000000,899000000.000000,205062000000.000000,,0.000000,266000000.000000,0.000000,266000000.000000,220924000000.000000,37651000000.000000,183273000000.000000,-4159000000.000000,-19506000000.000000,8000000.000000,15976000000.000000,-2434000000.000000,10690000000.000000,-21587000000.000000,1890000000.000000,6738000000.000000,0.000000,3263000000.000000,3263000000.000000,3263000000.000000,0.000000,76000000.000000,0.100000,12539000000.000000,5557000000.000000,20418000000.000000,0.746000,1.959000,28.524000,28.391000,113198000000.000000,0.000000,32.650000,1.278000,1.282000,13592000000.000000,28490000000.000000,32576000000.000000,32576000000.000000,0.000000,,,,,0.000000,7961000000.000000,1.000000,5190167853.000000,5203000000.000000,5219000000.000000,6.261000,150704000000.000000,1538000000.000000,1389000000.000000,40409000000.000000,28.965000
MRQ,2015-06-30,2015-06-30,2015-06-30,2015-Q2,2636000000.000000,184455360000.000000,2025-04-29,7039000000.000000,326489000000.000000,,43163000000.000000,283326000000.000000,,16.691000,-4480000000.000000,20956000000.000000,20956000000.000000,15079000000.000000,3184000000.000000,1.065000,2.751000,113670000000.000000,8603000000.000000,105067000000.000000,113670000000.000000,4075000000.000000,4696000000.000000,0.000000,0.052000,0.470000,5752000000.000000,10448000000.000000,0.316000,10448000000.000000,5752000000.000000,4820000000.000000,0.590000,0.590000,0.590000,86859000000.000000,,86859000000.000000,276464360000.000000,24.000000,9.266000,4680000000.000000,0.899000,1.000000,17936000000.000000,0.543000,158227000000.000000,932000000.000000,220449000000.000000,,0.000000,288000000.000000,0.000000,288000000.000000,238988000000.000000,40527000000.000000,198461000000.000000,16512000000.000000,-1376000000.000000,12000000.000000,15063000000.000000,-2439000000.000000,13425000000.000000,-6073000000.000000,0.000000,9160000000.000000,0.000000,3082000000.000000,3082000000.000000,3082000000.000000,0.000000,102000000.000000,0.093000,12163000000.000000,5773000000.000000,21560000000.000000,0.797000,2.124000,33.684000,33.509000,114348000000.000000,0.000000,35.520000,1.387000,1.390000,13821000000.000000,29086000000.000000,33015000000.000000,33015000000.000000,0.000000,,,,,0.000000,7467000000.000000,1.000000,5193000000.000000,5204000000.000000,5220000000.000000,6.344000,168262000000.000000,1131000000.000000,1738000000.000000,42364000000.000000,32.333000
MRQ,2015-09-30,2015-09-30,2015-09-30,2015-Q3,-12987000000.000000,200399580000.000000,2025-04-29,5294000000.000000,399989000000.000000,,34951000000.000000,365038000000.000000,,20.564000,-5028000000.000000,6202000000.000000,6202000000.000000,17796000000.000000,3078000000.000000,0.729000,2.275000,126930000000.000000,7535000000.000000,119395000000.000000,126930000000.000000,4640000000.000000,6265000000.000000,0.000000,0.057000,0.470000,5797000000.000000,12062000000.000000,0.309000,12062000000.000000,5797000000.000000,4651000000.000000,0.500000,0.500000,0.500000,121824000000.000000,,121824000000.000000,293113580000.000000,25.000000,9.227000,5769000000.000000,0.974000,1.000000,21295000000.000000,0.545000,226873000000.000000,1146000000.000000,245906000000.000000,,0.000000,1744000000.000000,0.000000,1744000000.000000,277200000000.000000,47938000000.000000,229262000000.000000,-14754000000.000000,-9733000000.000000,113000000.000000,-7035000000.000000,-2438000000.000000,-10164000000.000000,-15387000000.000000,-400000000.000000,10797000000.000000,0.000000,2994000000.000000,2994000000.000000,2994000000.000000,0.000000,84000000.000000,0.077000,15372000000.000000,5923000000.000000,28280000000.000000,0.940000,1.645000,37.528000,33.938000,122836000000.000000,0.000000,32.580000,1.440000,1.387000,16329000000.000000,32627000000.000000,39091000000.000000,39091000000.000000,0.000000,,,,,0.000000,9107000000.000000,1.000000,6151000000.000000,5924000000.000000,5943000000.000000,6.599000,173116000000.000000,0.000000,1657000000.000000,57635000000.000000,29.223000
MRQ,2015-12-31,2015-12-31,2015-12-31,2015-Q4,-11824000000.000000,211690320000.000000,2025-04-29,5334000000.000000,402672000000.000000,,35992000000.000000,366680000000.000000,,19.940000,-5862000000.000000,5121000000.000000,5121000000.000000,19691000000.000000,4086000000.000000,0.753000,2.275000,126151000000.000000,7636000000.000000,118515000000.000000,126151000000.000000,4682000000.000000,6477000000.000000,0.000000,0.055000,0.470000,7370000000.000000,13847000000.000000,0.329000,13847000000.000000,7370000000.000000,6227000000.000000,0.660000,0.660000,0.660000,122671000000.000000,,122671000000.000000,332418320000.000000,14.000000,7.151000,3323000000.000000,0.540000,1.000000,22428000000.000000,0.532000,225278000000.000000,1143000000.000000,250608000000.000000,,0.000000,1606000000.000000,0.000000,1606000000.000000,279032000000.000000,47816000000.000000,231216000000.000000,-1081000000.000000,-61000000.000000,-259000000.000000,-77000000.000000,-2889000000.000000,-4169000000.000000,-6097000000.000000,55000000.000000,9185000000.000000,0.000000,4006000000.000000,4006000000.000000,4006000000.000000,0.000000,80000000.000000,0.095000,14896000000.000000,7532000000.000000,30372000000.000000,0.712000,1.726000,15.863000,14.519000,124450000000.000000,0.000000,34.410000,1.442000,1.442000,16532000000.000000,33671000000.000000,42119000000.000000,42119000000.000000,0.000000,,,,,0.000000,8384000000.000000,1.000000,6152000000.000000,6152000000.000000,,6.846000,177394000000.000000,0.000000,2221000000.000000,58357000000.000000,28.835000
MRQ,2016-03-31,2016-03-31,2016-03-31,2016-Q1,-6527000000.000000,240942852535.000000,2025-04-29,5180000000.000000,403638000000.000000,,38001000000.000000,365637000000.000000,,19.999000,-4451000000.000000,10008000000.000000,10008000000.000000,18400000000.000000,3885000000.000000,0.853000,2.262000,130503000000.000000,8399000000.000000,122104000000.000000,130503000000.000000,4550000000.000000,6563000000.000000,0.000000,0.048000,0.480000,7132000000.000000,13695000000.000000,0.338000,13695000000.000000,7132000000.000000,5925000000.000000,0.620000,0.610000,0.620000,123432000000.000000,,123432000000.000000,361972852535.000000,14.000000,7.232000,3449000000.000000,0.559000,1.000000,22135000000.000000,0.546000,225086000000.000000,1207000000.000000,254519000000.000000,,0.000000,1594000000.000000,0.000000,1594000000.000000,279233000000.000000,44528000000.000000,234705000000.000000,4887000000.000000,-84000000.000000,89000000.000000,3682000000.000000,-2947000000.000000,1295000000.000000,-4308000000.000000,445000000.000000,7900000000.000000,0.000000,3803000000.000000,3803000000.000000,3803000000.000000,0.000000,82000000.000000,0.094000,15004000000.000000,7131000000.000000,26169000000.000000,0.774000,1.952000,17.353000,16.527000,123454000000.000000,0.000000,39.170000,1.557000,1.562000,16070000000.000000,34506000000.000000,40535000000.000000,40535000000.000000,0.000000,,,,,0.000000,8441000000.000000,1.000000,6151208898.000000,6172000000.000000,6190000000.000000,6.568000,178552000000.000000,0.000000,2122000000.000000,59944000000.000000,28.929000
MRQ,2016-06-30,2016-06-30,2016-06-30,2016-Q2,-10460000000.000000,266000760000.000000,2025-04-29,4814000000.000000,401808000000.000000,,36005000000.000000,365803000000.000000,,19.987000,-5251000000.000000,7208000000.000000,7208000000.000000,18475000000.000000,3515000000.000000,0.775000,2.248000,126836000000.000000,9528000000.000000,117308000000.000000,126836000000.000000,4465000000.000000,6576000000.000000,0.000000,0.044000,0.480000,6572000000.000000,13148000000.000000,0.324000,13148000000.000000,6572000000.000000,5314000000.000000,0.550000,0.550000,0.550000,123402000000.000000,,123402000000.000000,386495760000.000000,14.000000,7.327000,5056000000.000000,0.819000,1.000000,22045000000.000000,0.544000,224716000000.000000,1258000000.000000,250255000000.000000,,0.000000,1677000000.000000,0.000000,1677000000.000000,277437000000.000000,46465000000.000000,230972000000.000000,-2800000000.000000,-294000000.000000,-167000000.000000,-2671000000.000000,-2952000000.000000,-7398000000.000000,-5709000000.000000,55000000.000000,10307000000.000000,0.000000,3408000000.000000,3408000000.000000,3408000000.000000,0.000000,107000000.000000,0.084000,15485000000.000000,6560000000.000000,26746000000.000000,0.873000,2.156000,18.718000,18.545000,123537000000.000000,0.000000,43.210000,1.639000,1.644000,15830000000.000000,34950000000.000000,40520000000.000000,40520000000.000000,0.000000,,,,,0.000000,8909000000.000000,1.000000,6156000000.000000,6174000000.000000,6195000000.000000,6.563000,177092000000.000000,0.000000,1906000000.000000,60989000000.000000,28.684000
MRQ,2016-09-30,2016-09-30,2016-09-30,2016-Q3,-9728000000.000000,249832720000.000000,2025-04-29,4850000000.000000,402975000000.000000,,37374000000.000000,365601000000.000000,,20.041000,-5581000000.000000,5895000000.000000,5895000000.000000,18890000000.000000,3418000000.000000,0.793000,2.252000,125221000000.000000,7982000000.000000,117239000000.000000,125221000000.000000,4637000000.000000,6579000000.000000,0.000000,0.047000,0.480000,6327000000.000000,12906000000.000000,0.316000,12906000000.000000,6327000000.000000,5103000000.000000,0.540000,0.540000,0.540000,123611000000.000000,,123611000000.000000,369460720000.000000,13.000000,6.893000,5414000000.000000,0.878000,1.000000,22000000000.000000,0.538000,223473000000.000000,1224000000.000000,251726000000.000000,,0.000000,1679000000.000000,0.000000,1679000000.000000,278372000000.000000,47102000000.000000,231270000000.000000,-1313000000.000000,-2360000000.000000,-229000000.000000,-1559000000.000000,-2951000000.000000,-4136000000.000000,-8172000000.000000,1000000.000000,10995000000.000000,0.000000,3328000000.000000,3328000000.000000,3328000000.000000,0.000000,90000000.000000,0.081000,15592000000.000000,6408000000.000000,28849000000.000000,0.889000,2.021000,17.177000,17.135000,123922000000.000000,0.000000,40.610000,1.523000,1.527000,16855000000.000000,35319000000.000000,40890000000.000000,40890000000.000000,0.000000,,,,,0.000000,9013000000.000000,1.000000,6152000000.000000,6168000000.000000,6189000000.000000,6.629000,179502000000.000000,0.000000,1775000000.000000,62335000000.000000,29.102000
MRQ,2016-12-31,2016-12-31,2016-12-31,2016-Q4,-12207000000.000000,261176730000.000000,2025-04-29,4961000000.000000,403821000000.000000,,38369000000.000000,365452000000.000000,,20.051000,-6233000000.000000,5788000000.000000,5788000000.000000,21425000000.000000,2515000000.000000,0.759000,2.272000,123513000000.000000,9832000000.000000,113681000000.000000,123513000000.000000,4519000000.000000,6129000000.000000,0.000000,0.045000,0.480000,4334000000.000000,10463000000.000000,0.250000,10463000000.000000,4334000000.000000,3113000000.000000,0.400000,0.400000,0.400000,123135000000.000000,,123135000000.000000,380502730000.000000,16.000000,7.578000,3007000000.000000,0.490000,1.000000,20416000000.000000,0.488000,222067000000.000000,1221000000.000000,248903000000.000000,,0.000000,1674000000.000000,0.000000,1674000000.000000,279711000000.000000,50576000000.000000,229135000000.000000,-112000000.000000,1157000000.000000,-59000000.000000,-135000000.000000,-2947000000.000000,-4223000000.000000,-5129000000.000000,171000000.000000,9240000000.000000,0.000000,2437000000.000000,2437000000.000000,2437000000.000000,0.000000,78000000.000000,0.058000,16972000000.000000,3444000000.000000,31138000000.000000,1.200000,2.121000,20.128000,20.252000,124899000000.000000,0.000000,42.530000,1.595000,1.595000,16794000000.000000,34734000000.000000,41841000000.000000,41841000000.000000,0.000000,,,,,0.000000,10482000000.000000,1.000000,6141000000.000000,6141000000.000000,,6.813000,181754000000.000000,0.000000,676000000.000000,62207000000.000000,29.597000
MRQ,2017-03-31,2017-03-31,2017-03-31,2017-Q1,-4963000000.000000,255182239400.000000,2025-04-29,5160000000.000000,411903000000.000000,,45727000000.000000,366176000000.000000,,20.084000,-5784000000.000000,14884000000.000000,14884000000.000000,18110000000.000000,3574000000.000000,0.902000,2.317000,133249000000.000000,12681000000.000000,120568000000.000000,133249000000.000000,4493000000.000000,6127000000.000000,0.000000,0.046000,0.490000,6566000000.000000,12693000000.000000,0.322000,12693000000.000000,6566000000.000000,5273000000.000000,0.560000,0.560000,0.560000,123841000000.000000,,123841000000.000000,372907239400.000000,16.000000,7.578000,3181000000.000000,0.516000,1.000000,21255000000.000000,0.540000,221871000000.000000,1293000000.000000,257707000000.000000,,0.000000,1551000000.000000,0.000000,1551000000.000000,286922000000.000000,50690000000.000000,236232000000.000000,9045000000.000000,29000000.000000,-156000000.000000,9387000000.000000,-3009000000.000000,6049000000.000000,-5969000000.000000,17000000.000000,8965000000.000000,0.000000,3469000000.000000,3469000000.000000,3469000000.000000,0.000000,105000000.000000,0.088000,14899000000.000000,6356000000.000000,27120000000.000000,0.875000,2.061000,20.185000,20.268000,125292000000.000000,0.000000,41.550000,1.569000,1.575000,15078000000.000000,35175000000.000000,39365000000.000000,39365000000.000000,0.000000,,,,,0.000000,8772000000.000000,1.000000,6141570142.000000,6166000000.000000,6186000000.000000,6.384000,190032000000.000000,0.000000,1804000000.000000,64484000000.000000,30.819000
MRQ,2017-06-30,2017-06-30,2017-06-30,2017-Q2,5535000000.000000,231964040000.000000,2025-04-29,5389000000.000000,420795000000.000000,,53547000000.000000,367248000000.000000,,20.231000,-4966000000.000000,25617000000.000000,25617000000.000000,18605000000.000000,4014000000.000000,1.115000,2.365000,143655000000.000000,10831000000.000000,132824000000.000000,143655000000.000000,4371000000.000000,6147000000.000000,0.000000,0.051000,0.490000,7366000000.000000,13513000000.000000,0.339000,13513000000.000000,7366000000.000000,5971000000.000000,0.630000,0.630000,0.630000,124725000000.000000,,124725000000.000000,350329040000.000000,14.000000,7.067000,3739000000.000000,0.606000,1.000000,21232000000.000000,0.533000,221804000000.000000,1395000000.000000,269017000000.000000,,0.000000,1615000000.000000,0.000000,1615000000.000000,294937000000.000000,48012000000.000000,246925000000.000000,10845000000.000000,1628000000.000000,-278000000.000000,8608000000.000000,-3012000000.000000,5568000000.000000,-3428000000.000000,152000000.000000,8705000000.000000,0.000000,3915000000.000000,3915000000.000000,3915000000.000000,0.000000,99000000.000000,0.098000,14706000000.000000,6526000000.000000,26471000000.000000,0.778000,1.860000,17.641000,17.714000,126184000000.000000,0.000000,37.730000,1.432000,1.436000,14997000000.000000,36067000000.000000,39837000000.000000,39837000000.000000,0.000000,,,,,0.000000,8559000000.000000,1.000000,6148000000.000000,6165000000.000000,6184000000.000000,6.462000,198991000000.000000,0.000000,2056000000.000000,65257000000.000000,32.278000
MRQ,2017-09-30,2017-09-30,2017-09-30,2017-Q3,28664000000.000000,240503800000.000000,2025-04-29,5580000000.000000,443865000000.000000,,76357000000.000000,367508000000.000000,,20.279000,-5006000000.000000,48499000000.000000,48499000000.000000,19169000000.000000,3123000000.000000,1.601000,2.543000,163279000000.000000,8551000000.000000,154728000000.000000,163279000000.000000,4503000000.000000,6042000000.000000,0.000000,0.050000,0.490000,6566000000.000000,12608000000.000000,0.318000,12608000000.000000,6566000000.000000,4880000000.000000,0.490000,0.490000,0.490000,124960000000.000000,,124960000000.000000,358541800000.000000,14.000000,7.276000,5797000000.000000,0.941000,1.000000,20499000000.000000,0.517000,221087000000.000000,1686000000.000000,289865000000.000000,,0.000000,1627000000.000000,0.000000,1627000000.000000,317756000000.000000,47693000000.000000,270063000000.000000,22921000000.000000,218000000.000000,0.000000,18455000000.000000,-3009000000.000000,17085000000.000000,-4967000000.000000,66000000.000000,10803000000.000000,0.000000,3029000000.000000,3029000000.000000,3029000000.000000,0.000000,94000000.000000,0.076000,14692000000.000000,5807000000.000000,28928000000.000000,1.000000,1.925000,18.716000,18.832000,126462000000.000000,0.000000,39.170000,1.496000,1.502000,15876000000.000000,36074000000.000000,39668000000.000000,39668000000.000000,0.000000,,,,,0.000000,8650000000.000000,1.000000,6140000000.000000,6162000000.000000,6182000000.000000,6.438000,222778000000.000000,0.000000,1851000000.000000,67084000000.000000,36.154000
MRQ,2017-12-31,2017-12-31,2017-12-31,2017-Q4,-2243000000.000000,238684320000.000000,2025-04-29,7017000000.000000,444097000000.000000,,79146000000.000000,364951000000.000000,,22.945000,-4891000000.000000,50498000000.000000,50498000000.000000,21926000000.000000,19136000000.000000,0.972000,2.145000,164346000000.000000,38374000000.000000,125972000000.000000,164346000000.000000,4213000000.000000,6071000000.000000,0.000000,0.050000,0.490000,544000000.000000,6615000000.000000,0.159000,6615000000.000000,544000000.000000,-1382000000.000000,3.080000,3.070000,3.080000,140861000000.000000,,140861000000.000000,353464320000.000000,17.000000,7.781000,4646000000.000000,0.757000,1.000000,19750000000.000000,0.474000,219725000000.000000,1926000000.000000,256831000000.000000,,0.000000,1560000000.000000,0.000000,1560000000.000000,302090000000.000000,81389000000.000000,220701000000.000000,2186000000.000000,283000000.000000,4000000.000000,-570000000.000000,-3008000000.000000,-2772000000.000000,-4579000000.000000,214000000.000000,9537000000.000000,0.000000,19037000000.000000,19037000000.000000,19037000000.000000,0.000000,99000000.000000,0.457000,18469000000.000000,1281000000.000000,34470000000.000000,0.159000,1.694000,8.105000,8.151000,125222000000.000000,0.000000,38.880000,1.487000,1.487000,16522000000.000000,50500000000.000000,41676000000.000000,41676000000.000000,0.000000,,,,,0.000000,9484000000.000000,1.000000,6139000000.000000,6139000000.000000,,6.789000,224372000000.000000,0.000000,-20419000000.000000,44469000000.000000,36.549000
MRQ,2018-03-31,2018-03-31,2018-03-31,2018-Q1,7925000000.000000,218945640969.000000,2025-04-29,7386000000.000000,446343000000.000000,,78505000000.000000,367838000000.000000,,23.684000,-5957000000.000000,48872000000.000000,48872000000.000000,17946000000.000000,4759000000.000000,1.112000,2.051000,163046000000.000000,29322000000.000000,133724000000.000000,163046000000.000000,5081000000.000000,5994000000.000000,0.000000,0.055000,0.500000,7815000000.000000,13809000000.000000,0.363000,13809000000.000000,7815000000.000000,6044000000.000000,0.750000,0.750000,0.750000,145920000000.000000,,145920000000.000000,332793640969.000000,15.000000,7.150000,2990000000.000000,0.485000,1.000000,20092000000.000000,0.528000,219117000000.000000,1771000000.000000,270820000000.000000,,0.000000,2623000000.000000,0.000000,2623000000.000000,299267000000.000000,70580000000.000000,228687000000.000000,-1707000000.000000,-918000000.000000,-134000000.000000,-2346000000.000000,-3070000000.000000,-3502000000.000000,-7152000000.000000,-116000000.000000,8947000000.000000,0.000000,4662000000.000000,4662000000.000000,4662000000.000000,0.000000,97000000.000000,0.123000,13891000000.000000,6201000000.000000,31569000000.000000,0.667000,1.500000,7.145000,7.202000,125124000000.000000,0.000000,35.650000,1.375000,1.379000,16290000000.000000,55067000000.000000,38038000000.000000,38038000000.000000,0.000000,,,,,0.000000,7897000000.000000,1.000000,6141532706.000000,6161000000.000000,6180000000.000000,6.174000,227226000000.000000,0.000000,1382000000.000000,47264000000.000000,36.881000
MRQ,2018-06-30,2018-06-30,2018-06-30,2018-Q2,-13307000000.000000,197187510000.000000,2025-04-29,5716000000.000000,534691000000.000000,,55286000000.000000,479405000000.000000,,28.811000,-5002000000.000000,13523000000.000000,13523000000.000000,17458000000.000000,5248000000.000000,0.806000,1.916000,190167000000.000000,21672000000.000000,168495000000.000000,190167000000.000000,5914000000.000000,6378000000.000000,0.000000,0.062000,0.500000,8687000000.000000,15065000000.000000,0.386000,15065000000.000000,8687000000.000000,6664000000.000000,0.810000,0.810000,0.810000,182980000000.000000,,182980000000.000000,311361510000.000000,13.000000,6.474000,5227000000.000000,0.823000,1.000000,21528000000.000000,0.552000,294649000000.000000,2023000000.000000,348093000000.000000,,5849000000.000000,8007000000.000000,0.000000,8007000000.000000,350561000000.000000,68593000000.000000,281968000000.000000,-35472000000.000000,-40273000000.000000,-418000000.000000,6443000000.000000,-3074000000.000000,-218000000.000000,-45483000000.000000,-102000000.000000,10229000000.000000,0.000000,5132000000.000000,5132000000.000000,5132000000.000000,0.000000,116000000.000000,0.132000,15062000000.000000,6466000000.000000,35488000000.000000,0.617000,1.078000,6.189000,6.259000,146959000000.000000,0.000000,32.110000,1.245000,1.288000,25492000000.000000,56555000000.000000,38986000000.000000,38986000000.000000,0.000000,,,,,0.000000,8684000000.000000,1.000000,6141000000.000000,6351000000.000000,6374000000.000000,6.139000,240042000000.000000,0.000000,1532000000.000000,61554000000.000000,37.796000
MRQ,2018-09-30,2018-09-30,2018-09-30,2018-Q3,-12313000000.000000,243857960000.000000,2025-04-29,5383000000.000000,534870000000.000000,,53107000000.000000,481763000000.000000,,25.240000,-5736000000.000000,8657000000.000000,8657000000.000000,20706000000.000000,4816000000.000000,0.812000,1.903000,183418000000.000000,14905000000.000000,168513000000.000000,183418000000.000000,6045000000.000000,8166000000.000000,0.000000,0.059000,0.500000,8160000000.000000,16326000000.000000,0.357000,16326000000.000000,8160000000.000000,6109000000.000000,0.650000,0.650000,0.650000,183848000000.000000,,183848000000.000000,420501960000.000000,17.000000,8.115000,6610000000.000000,0.907000,1.000000,25033000000.000000,0.547000,295614000000.000000,2051000000.000000,348597000000.000000,,7221000000.000000,6128000000.000000,0.000000,6128000000.000000,349899000000.000000,65420000000.000000,284479000000.000000,-4965000000.000000,-1463000000.000000,334000000.000000,-6992000000.000000,-3631000000.000000,-9959000000.000000,-7352000000.000000,-16000000.000000,12346000000.000000,0.000000,4718000000.000000,4718000000.000000,4718000000.000000,0.000000,98000000.000000,0.103000,17764000000.000000,7269000000.000000,39375000000.000000,0.769000,1.326000,7.269000,6.348000,147310000000.000000,0.000000,33.580000,1.483000,1.487000,26312000000.000000,57624000000.000000,45739000000.000000,45739000000.000000,0.000000,,,,,0.000000,9598000000.000000,1.000000,7262000000.000000,7284000000.000000,7320000000.000000,6.279000,239256000000.000000,0.000000,1391000000.000000,61955000000.000000,32.847000
MRQ,2018-12-31,2018-12-31,2018-12-31,2018-Q4,-12993000000.000000,207714120000.000000,2025-04-29,4249000000.000000,531864000000.000000,,51427000000.000000,480437000000.000000,,25.294000,-4556000000.000000,5204000000.000000,5204000000.000000,23309000000.000000,5130000000.000000,0.798000,1.836000,176505000000.000000,10255000000.000000,166250000000.000000,176505000000.000000,5948000000.000000,7892000000.000000,0.000000,0.070000,0.500000,7585000000.000000,15477000000.000000,0.322000,15477000000.000000,7585000000.000000,5473000000.000000,0.660000,0.660000,0.660000,184089000000.000000,,184089000000.000000,382475120000.000000,12.000000,6.303000,7524000000.000000,1.034000,1.000000,24684000000.000000,0.514000,293128000000.000000,2112000000.000000,345617000000.000000,,7713000000.000000,6245000000.000000,0.000000,6245000000.000000,337980000000.000000,64420000000.000000,273560000000.000000,-3388000000.000000,943000000.000000,354000000.000000,-6454000000.000000,-3635000000.000000,-12310000000.000000,-3158000000.000000,51000000.000000,12080000000.000000,0.000000,4858000000.000000,4858000000.000000,4858000000.000000,0.000000,272000000.000000,0.101000,18524000000.000000,6160000000.000000,43184000000.000000,0.758000,1.128000,10.723000,10.014000,148542000000.000000,0.000000,28.540000,1.216000,1.216000,26472000000.000000,58753000000.000000,47993000000.000000,47993000000.000000,0.000000,,,,,0.000000,10586000000.000000,1.000000,7278000000.000000,7278000000.000000,,6.594000,238736000000.000000,0.000000,615000000.000000,59038000000.000000,32.802000
MRQ,2019-03-31,2019-03-31,2019-03-31,2019-Q1,-18180000000.000000,228444738731.000000,2025-04-29,4345000000.000000,548384000000.000000,,46472000000.000000,501912000000.000000,,25.313000,-5121000000.000000,6516000000.000000,6516000000.000000,20739000000.000000,4348000000.000000,0.719000,1.909000,193733000000.000000,11538000000.000000,182195000000.000000,193733000000.000000,5956000000.000000,7206000000.000000,0.000000,0.064000,0.510000,7260000000.000000,14466000000.000000,0.323000,14466000000.000000,7260000000.000000,5119000000.000000,0.560000,0.560000,0.560000,185112000000.000000,,185112000000.000000,399745738731.000000,13.000000,6.518000,5931000000.000000,0.811000,1.000000,24088000000.000000,0.537000,292385000000.000000,2141000000.000000,378564000000.000000,,10270000000.000000,6230000000.000000,0.000000,6230000000.000000,353433000000.000000,64652000000.000000,288781000000.000000,1230000000.000000,-218000000.000000,-22000000.000000,-1613000000.000000,-3714000000.000000,-4421000000.000000,-5401000000.000000,-1000000.000000,11052000000.000000,0.000000,4096000000.000000,4096000000.000000,4096000000.000000,0.000000,252000000.000000,0.091000,16855000000.000000,7233000000.000000,42306000000.000000,0.911000,1.234000,12.149000,11.701000,168909000000.000000,0.000000,31.360000,1.287000,1.292000,23863000000.000000,59424000000.000000,44827000000.000000,44827000000.000000,0.000000,,,,,0.000000,9649000000.000000,1.000000,7284589883.000000,7313000000.000000,7342000000.000000,6.130000,255999000000.000000,0.000000,1023000000.000000,60337000000.000000,35.006000
MRQ,2019-06-30,2019-06-30,2019-06-30,2019-Q2,-19158000000.000000,244555980000.000000,2025-04-29,3289000000.000000,546914000000.000000,,47218000000.000000,499696000000.000000,,25.161000,-5421000000.000000,8423000000.000000,8423000000.000000,20512000000.000000,3974000000.000000,0.711000,1.915000,191130000000.000000,12772000000.000000,178358000000.000000,191130000000.000000,5734000000.000000,7101000000.000000,0.000000,0.060000,0.510000,6961000000.000000,14062000000.000000,0.313000,14062000000.000000,6961000000.000000,4812000000.000000,0.510000,0.510000,0.510000,184257000000.000000,,184257000000.000000,431772980000.000000,14.000000,7.157000,8863000000.000000,1.210000,1.000000,24445000000.000000,0.544000,291159000000.000000,2149000000.000000,372086000000.000000,,10685000000.000000,4133000000.000000,0.000000,4133000000.000000,352833000000.000000,66376000000.000000,286457000000.000000,2024000000.000000,3177000000.000000,237000000.000000,-6279000000.000000,-3722000000.000000,-10362000000.000000,-1898000000.000000,397000000.000000,14284000000.000000,0.000000,3713000000.000000,3713000000.000000,3713000000.000000,0.000000,261000000.000000,0.083000,16945000000.000000,7500000000.000000,42082000000.000000,1.000000,1.327000,14.067000,14.080000,170986000000.000000,0.000000,33.510000,1.333000,1.337000,22381000000.000000,59389000000.000000,44957000000.000000,44957000000.000000,0.000000,,,,,0.000000,9844000000.000000,1.000000,7298000000.000000,7323000000.000000,7353000000.000000,6.139000,255755000000.000000,0.000000,1099000000.000000,60775000000.000000,34.925000
MRQ,2019-09-30,2019-09-30,2019-09-30,2019-Q3,-17431000000.000000,276496880000.000000,2025-04-29,2137000000.000000,548796000000.000000,,50695000000.000000,498101000000.000000,,24.983000,-5301000000.000000,6588000000.000000,6588000000.000000,20154000000.000000,3949000000.000000,0.744000,1.936000,187464000000.000000,11608000000.000000,175856000000.000000,187464000000.000000,6097000000.000000,6949000000.000000,0.000000,0.054000,0.510000,6720000000.000000,13669000000.000000,0.307000,13669000000.000000,6720000000.000000,4637000000.000000,0.500000,0.500000,0.500000,183049000000.000000,,183049000000.000000,459203880000.000000,16.000000,7.962000,6088000000.000000,0.831000,1.000000,24434000000.000000,0.548000,288047000000.000000,2083000000.000000,373499000000.000000,,12014000000.000000,4137000000.000000,0.000000,4137000000.000000,354469000000.000000,68126000000.000000,286343000000.000000,-1872000000.000000,-641000000.000000,-48000000.000000,-4755000000.000000,-3726000000.000000,-7558000000.000000,-5703000000.000000,127000000.000000,11389000000.000000,0.000000,3700000000.000000,3700000000.000000,3700000000.000000,0.000000,249000000.000000,0.083000,16533000000.000000,7901000000.000000,43955000000.000000,1.020000,1.511000,16.894000,16.969000,171599000000.000000,0.000000,37.840000,1.516000,1.520000,22921000000.000000,59347000000.000000,44588000000.000000,44588000000.000000,0.000000,,,,,0.000000,9584000000.000000,1.000000,7307000000.000000,7327000000.000000,7356000000.000000,6.085000,260749000000.000000,0.000000,937000000.000000,60527000000.000000,35.587000
MRQ,2019-12-31,2019-12-31,2019-12-31,2019-Q4,-14150000000.000000,285479400000.000000,2025-04-29,5470000000.000000,551669000000.000000,,54761000000.000000,496908000000.000000,,25.218000,-3792000000.000000,12130000000.000000,12130000000.000000,22736000000.000000,2704000000.000000,0.795000,1.898000,184951000000.000000,11838000000.000000,173113000000.000000,184951000000.000000,6124000000.000000,6961000000.000000,0.000000,0.052000,0.510000,4877000000.000000,11838000000.000000,0.253000,11838000000.000000,4877000000.000000,2828000000.000000,0.330000,0.320000,0.330000,184221000000.000000,,184221000000.000000,466355400000.000000,18.000000,8.631000,8151000000.000000,1.116000,1.000000,24085000000.000000,0.514000,288513000000.000000,2049000000.000000,367066000000.000000,,12434000000.000000,3695000000.000000,0.000000,3695000000.000000,349735000000.000000,68911000000.000000,280824000000.000000,5513000000.000000,557000000.000000,-1953000000.000000,-4124000000.000000,-3726000000.000000,-2742000000.000000,-3688000000.000000,-523000000.000000,11943000000.000000,0.000000,2394000000.000000,2391000000.000000,2391000000.000000,0.000000,310000000.000000,0.051000,18764000000.000000,5321000000.000000,45956000000.000000,1.545000,1.550000,20.538000,20.568000,169512000000.000000,3000000.000000,39.080000,1.576000,1.576000,22636000000.000000,57936000000.000000,46821000000.000000,46821000000.000000,0.000000,,,,,0.000000,10345000000.000000,1.000000,7305000000.000000,7305000000.000000,,6.409000,263156000000.000000,0.000000,434000000.000000,60714000000.000000,36.024000
MRQ,2020-03-31,2020-03-31,2020-03-31,2020-Q1,-17000000000.000000,209089570640.000000,2025-04-29,-385000000.000000,545354000000.000000,,52704000000.000000,492650000000.000000,,24.736000,-4966000000.000000,9955000000.000000,9955000000.000000,19188000000.000000,4963000000.000000,0.756000,1.968000,185853000000.000000,17067000000.000000,168786000000.000000,185853000000.000000,5960000000.000000,7222000000.000000,0.000000,0.070000,0.520000,7930000000.000000,15152000000.000000,0.354000,15152000000.000000,7930000000.000000,5912000000.000000,0.630000,0.630000,0.630000,177779000000.000000,,177779000000.000000,381910570640.000000,14.000000,6.979000,3900000000.000000,0.543000,1.000000,23591000000.000000,0.551000,285124000000.000000,2018000000.000000,366424000000.000000,,13276000000.000000,3606000000.000000,0.000000,3606000000.000000,349905000000.000000,69704000000.000000,280201000000.000000,-2255000000.000000,-50000000.000000,-5405000000.000000,2276000000.000000,-3737000000.000000,-6099000000.000000,-5022000000.000000,-6000000.000000,8866000000.000000,0.000000,4610000000.000000,4578000000.000000,4578000000.000000,0.000000,353000000.000000,0.107000,16105000000.000000,7486000000.000000,40771000000.000000,0.825000,1.176000,14.538000,14.797000,167815000000.000000,32000000.000000,29.150000,1.167000,1.169000,19908000000.000000,58534000000.000000,42779000000.000000,42779000000.000000,0.000000,,,,,0.000000,8760000000.000000,1.000000,7172884070.000000,7187000000.000000,7214000000.000000,5.952000,260230000000.000000,0.000000,1302000000.000000,60660000000.000000,36.208000
MRQ,2020-06-30,2020-06-30,2020-06-30,2020-Q2,-12914000000.000000,215388750000.000000,2025-04-29,129000000.000000,547898000000.000000,,56555000000.000000,491343000000.000000,,24.618000,-4466000000.000000,16941000000.000000,16941000000.000000,17983000000.000000,1563000000.000000,0.814000,2.015000,191194000000.000000,15576000000.000000,175618000000.000000,191194000000.000000,5723000000.000000,7285000000.000000,0.000000,0.068000,0.520000,4257000000.000000,11542000000.000000,0.282000,11542000000.000000,4257000000.000000,2216000000.000000,0.170000,0.170000,0.170000,175896000000.000000,,175896000000.000000,391286750000.000000,16.000000,7.496000,7593000000.000000,1.063000,1.000000,22967000000.000000,0.561000,284623000000.000000,2041000000.000000,368059000000.000000,,14514000000.000000,2302000000.000000,0.000000,2302000000.000000,354445000000.000000,69469000000.000000,284976000000.000000,6991000000.000000,-777000000.000000,9000000.000000,3109000000.000000,-3737000000.000000,188000000.000000,-5256000000.000000,6000000.000000,12059000000.000000,0.000000,1281000000.000000,1229000000.000000,1229000000.000000,0.000000,282000000.000000,0.030000,19435000000.000000,3532000000.000000,41881000000.000000,3.059000,1.225000,18.103000,18.546000,168341000000.000000,52000000.000000,30.230000,1.230000,1.233000,19127000000.000000,56045000000.000000,40950000000.000000,40950000000.000000,0.000000,,,,,0.000000,9831000000.000000,1.000000,7125000000.000000,7145000000.000000,7170000000.000000,5.731000,263275000000.000000,0.000000,935000000.000000,60935000000.000000,36.847000
MRQ,2020-09-30,2020-09-30,2020-09-30,2020-Q3,-9594000000.000000,203133750000.000000,2025-04-29,649000000.000000,538553000000.000000,,49971000000.000000,488582000000.000000,,24.563000,-3851000000.000000,9758000000.000000,9758000000.000000,19839000000.000000,3168000000.000000,0.839000,1.957000,180934000000.000000,5898000000.000000,175036000000.000000,180934000000.000000,5862000000.000000,7030000000.000000,0.000000,0.073000,0.520000,5554000000.000000,12584000000.000000,0.297000,12584000000.000000,5554000000.000000,3582000000.000000,0.390000,0.390000,0.390000,175553000000.000000,,175553000000.000000,377386750000.000000,17.000000,7.383000,8272000000.000000,1.157000,1.000000,22501000000.000000,0.531000,283183000000.000000,1972000000.000000,366981000000.000000,,13948000000.000000,2325000000.000000,0.000000,2325000000.000000,343497000000.000000,59565000000.000000,283932000000.000000,-7182000000.000000,40000000.000000,1000000.000000,-11233000000.000000,-3741000000.000000,-15857000000.000000,-3448000000.000000,0.000000,12123000000.000000,0.000000,2816000000.000000,2762000000.000000,2762000000.000000,0.000000,352000000.000000,0.065000,16369000000.000000,6132000000.000000,42728000000.000000,1.333000,1.157000,18.534000,18.757000,167517000000.000000,54000000.000000,28.510000,1.175000,1.179000,19379000000.000000,55094000000.000000,42340000000.000000,42340000000.000000,0.000000,,,,,0.000000,9266000000.000000,1.000000,7125000000.000000,7147000000.000000,7173000000.000000,5.924000,255370000000.000000,0.000000,766000000.000000,61784000000.000000,35.731000
MRQ,2020-12-31,2020-12-31,2020-12-31,2020-Q4,-11430000000.000000,204943760000.000000,2025-04-29,4330000000.000000,525761000000.000000,,52008000000.000000,473753000000.000000,,22.688000,-1407000000.000000,9740000000.000000,9740000000.000000,8641000000.000000,-13515000000.000000,0.820000,2.143000,179447000000.000000,3470000000.000000,175977000000.000000,179447000000.000000,6176000000.000000,986000000.000000,0.000000,0.072000,0.520000,-14022000000.000000,-13036000000.000000,-0.768000,-13036000000.000000,-14022000000.000000,-15718000000.000000,-1.940000,-1.940000,-1.940000,161673000000.000000,,161673000000.000000,376119760000.000000,101.000000,14.333000,8674000000.000000,1.217000,1.000000,8340000000.000000,0.491000,267782000000.000000,1696000000.000000,364248000000.000000,,18447000000.000000,1780000000.000000,0.000000,1780000000.000000,346521000000.000000,63438000000.000000,283083000000.000000,21000000.000000,1634000000.000000,2000000.000000,-4236000000.000000,-3741000000.000000,-10237000000.000000,177000000.000000,0.000000,10081000000.000000,0.000000,-13883000000.000000,-13938000000.000000,-13938000000.000000,2299000000.000000,368000000.000000,-0.821000,17118000000.000000,-8778000000.000000,50051000000.000000,-0.268000,1.268000,-38.172000,-38.347000,165822000000.000000,55000000.000000,28.760000,1.433000,1.433000,20215000000.000000,37457000000.000000,16981000000.000000,16981000000.000000,0.000000,,,,,0.000000,2960000000.000000,1.000000,7126000000.000000,7126000000.000000,,2.383000,257979000000.000000,0.000000,-1835000000.000000,60472000000.000000,36.202000
MRQ,2021-03-31,2021-03-31,2021-03-31,2021-Q1,-13854000000.000000,215878481024.000000,2025-04-29,4199000000.000000,546985000000.000000,,62754000000.000000,484231000000.000000,,23.110000,-4033000000.000000,11342000000.000000,11342000000.000000,21087000000.000000,7942000000.000000,0.819000,2.199000,201965000000.000000,19505000000.000000,182460000000.000000,201965000000.000000,5029000000.000000,5809000000.000000,0.000000,0.069000,0.520000,11542000000.000000,17351000000.000000,0.395000,17351000000.000000,11542000000.000000,9672000000.000000,1.040000,1.020000,1.040000,165488000000.000000,,165488000000.000000,385585481024.000000,53.000000,13.557000,5894000000.000000,0.823000,1.000000,22852000000.000000,0.520000,259542000000.000000,1870000000.000000,401458000000.000000,,18973000000.000000,1805000000.000000,0.000000,1805000000.000000,363906000000.000000,76608000000.000000,287298000000.000000,1558000000.000000,-22833000000.000000,-113000000.000000,22677000000.000000,-3741000000.000000,18483000000.000000,-26852000000.000000,0.000000,9927000000.000000,0.000000,7550000000.000000,7500000000.000000,7500000000.000000,0.000000,392000000.000000,0.171000,15191000000.000000,7661000000.000000,48245000000.000000,0.500000,1.304000,-88.222000,-89.029000,162356000000.000000,50000000.000000,30.270000,1.497000,1.503000,16971000000.000000,41154000000.000000,43939000000.000000,43939000000.000000,0.000000,,,,,0.000000,9382000000.000000,1.000000,7131763496.000000,7161000000.000000,7482000000.000000,6.136000,287443000000.000000,0.000000,2122000000.000000,61886000000.000000,40.140000
MRQ,2021-06-30,2021-06-30,2021-06-30,2021-Q2,-19257000000.000000,205489200000.000000,2025-04-29,3119000000.000000,544710000000.000000,,62869000000.000000,481841000000.000000,,22.642000,-3548000000.000000,11869000000.000000,11869000000.000000,16158000000.000000,1874000000.000000,0.766000,2.248000,201420000000.000000,24016000000.000000,177404000000.000000,201420000000.000000,4932000000.000000,3086000000.000000,0.000000,0.072000,0.520000,4361000000.000000,7447000000.000000,0.208000,7447000000.000000,4361000000.000000,2721000000.000000,0.210000,0.220000,0.210000,162296000000.000000,,162296000000.000000,396112200000.000000,53.000000,16.270000,7362000000.000000,1.027000,1.000000,19582000000.000000,0.548000,257600000000.000000,1640000000.000000,394535000000.000000,,19081000000.000000,1853000000.000000,0.000000,1853000000.000000,364864000000.000000,82126000000.000000,282738000000.000000,548000000.000000,65000000.000000,13000000.000000,-2011000000.000000,-3830000000.000000,-6583000000.000000,-3779000000.000000,0.000000,10910000000.000000,0.000000,1570000000.000000,1514000000.000000,1514000000.000000,4095000000.000000,304000000.000000,0.042000,12010000000.000000,7572000000.000000,49429000000.000000,2.476000,1.266000,-95.046000,-95.933000,160856000000.000000,56000000.000000,28.780000,1.478000,1.484000,15771000000.000000,38947000000.000000,35740000000.000000,35740000000.000000,0.000000,,,,,0.000000,7581000000.000000,1.000000,7140000000.000000,7168000000.000000,7484000000.000000,4.986000,287110000000.000000,0.000000,1151000000.000000,61732000000.000000,40.054000
MRQ,2021-09-30,2021-09-30,2021-09-30,2021-Q3,-24371000000.000000,192851400000.000000,2025-04-29,2343000000.000000,547107000000.000000,,57230000000.000000,489877000000.000000,,22.838000,-4470000000.000000,21270000000.000000,21270000000.000000,13433000000.000000,6273000000.000000,0.701000,2.234000,202109000000.000000,24935000000.000000,177174000000.000000,202109000000.000000,4991000000.000000,4457000000.000000,0.000000,0.077000,0.520000,8841000000.000000,13298000000.000000,0.425000,13298000000.000000,8841000000.000000,7214000000.000000,0.820000,0.800000,0.820000,163771000000.000000,,163771000000.000000,382402400000.000000,36.000000,15.259000,5396000000.000000,0.752000,1.000000,17893000000.000000,0.571000,280521000000.000000,1627000000.000000,365824000000.000000,,20899000000.000000,8629000000.000000,0.000000,8629000000.000000,365804000000.000000,81601000000.000000,284203000000.000000,9429000000.000000,6296000000.000000,-2000000.000000,775000000.000000,-3748000000.000000,-3735000000.000000,3298000000.000000,0.000000,9866000000.000000,0.000000,5918000000.000000,5868000000.000000,5868000000.000000,-1254000000.000000,355000000.000000,0.187000,11656000000.000000,6237000000.000000,47926000000.000000,0.634000,1.178000,204.292000,207.769000,161168000000.000000,50000000.000000,27.010000,1.507000,1.513000,16304000000.000000,41091000000.000000,31326000000.000000,31326000000.000000,0.000000,,,,,0.000000,7094000000.000000,1.000000,7140000000.000000,7171000000.000000,7506000000.000000,4.368000,266586000000.000000,0.000000,1296000000.000000,63405000000.000000,37.176000
MRQ,2021-12-31,2021-12-31,2021-12-31,2021-Q4,64538000000.000000,175668600000.000000,2025-04-29,3529000000.000000,551622000000.000000,,170768000000.000000,380854000000.000000,,23.293000,-3494000000.000000,19223000000.000000,19223000000.000000,14225000000.000000,5390000000.000000,1.608000,2.211000,195832000000.000000,25865000000.000000,169967000000.000000,195832000000.000000,3966000000.000000,4500000000.000000,0.000000,0.085000,0.520000,7608000000.000000,12108000000.000000,0.389000,12108000000.000000,7608000000.000000,5982000000.000000,0.700000,0.690000,0.700000,166332000000.000000,,166332000000.000000,356507600000.000000,11.000000,7.124000,7761000000.000000,1.087000,1.000000,16870000000.000000,0.543000,211961000000.000000,1626000000.000000,410040000000.000000,,3325000000.000000,6168000000.000000,0.000000,6168000000.000000,367767000000.000000,106230000000.000000,261537000000.000000,-89000000.000000,-522000000.000000,-4000000.000000,-2142000000.000000,-3749000000.000000,-6587000000.000000,-4757000000.000000,44000000.000000,11255000000.000000,0.000000,5043000000.000000,4992000000.000000,4992000000.000000,-188000000.000000,347000000.000000,0.161000,11976000000.000000,4894000000.000000,39095000000.000000,0.743000,1.056000,8.839000,8.881000,143473000000.000000,51000000.000000,24.600000,1.311000,1.311000,12313000000.000000,42350000000.000000,31095000000.000000,31095000000.000000,0.000000,,,,,0.000000,7368000000.000000,1.000000,7141000000.000000,7141000000.000000,,4.354000,339661000000.000000,0.000000,939000000.000000,53767000000.000000,47.565000
MRQ,2022-03-31,2022-03-31,2022-03-31,2022-Q1,-5638000000.000000,168786555470.000000,2025-04-29,3290000000.000000,577195000000.000000,,76856000000.000000,500339000000.000000,,23.530000,-4568000000.000000,38565000000.000000,38565000000.000000,12735000000.000000,5164000000.000000,0.932000,2.311000,229522000000.000000,28380000000.000000,201142000000.000000,229522000000.000000,5183000000.000000,4462000000.000000,0.000000,0.088000,0.520000,7876000000.000000,12338000000.000000,0.415000,12338000000.000000,7876000000.000000,6250000000.000000,0.660000,0.650000,0.660000,169036000000.000000,,169036000000.000000,347573555470.000000,12.000000,7.691000,1164000000.000000,0.162000,1.000000,16977000000.000000,0.571000,280587000000.000000,1626000000.000000,405071000000.000000,,22956000000.000000,5943000000.000000,0.000000,5943000000.000000,390639000000.000000,82494000000.000000,308145000000.000000,17332000000.000000,-7922000000.000000,-171000000.000000,-700000000.000000,-3749000000.000000,24251000000.000000,-12651000000.000000,0.000000,5732000000.000000,0.000000,4810000000.000000,4762000000.000000,4762000000.000000,-15000000.000000,354000000.000000,0.160000,11440000000.000000,5537000000.000000,46845000000.000000,0.788000,0.999000,9.850000,9.887000,162586000000.000000,48000000.000000,23.630000,1.320000,1.328000,17218000000.000000,45041000000.000000,29712000000.000000,29712000000.000000,0.000000,,,,,0.000000,6978000000.000000,1.000000,7142892741.000000,7184000000.000000,7556000000.000000,4.136000,296608000000.000000,0.000000,1440000000.000000,65963000000.000000,41.287000
MRQ,2022-06-30,2022-06-30,2022-06-30,2022-Q2,-14704000000.000000,150052640000.000000,2025-04-29,2307000000.000000,426433000000.000000,,34485000000.000000,391948000000.000000,,16.424000,-4908000000.000000,4018000000.000000,4018000000.000000,12341000000.000000,4537000000.000000,0.701000,2.472000,155325000000.000000,6829000000.000000,148496000000.000000,155325000000.000000,3603000000.000000,4450000000.000000,0.000000,0.088000,0.278000,7168000000.000000,11618000000.000000,0.392000,11618000000.000000,7168000000.000000,5666000000.000000,0.570000,0.560000,0.570000,117746000000.000000,,117746000000.000000,341009640000.000000,11.000000,6.908000,999000000.000000,0.139000,1.000000,17302000000.000000,0.584000,221674000000.000000,1502000000.000000,306877000000.000000,,3241000000.000000,4523000000.000000,0.000000,4523000000.000000,291126000000.000000,49189000000.000000,241937000000.000000,-34531000000.000000,12000000.000000,-673000000.000000,-39941000000.000000,-2086000000.000000,-36650000000.000000,-3788000000.000000,73000000.000000,5907000000.000000,0.000000,4157000000.000000,4105000000.000000,4105000000.000000,214000000.000000,380000000.000000,0.138000,12346000000.000000,4956000000.000000,36659000000.000000,0.488000,1.274000,7.606000,7.622000,146943000000.000000,52000000.000000,20.960000,1.232000,1.234000,11377000000.000000,2128000000.000000,29643000000.000000,29643000000.000000,0.000000,,,,,0.000000,7265000000.000000,1.000000,7159000000.000000,7169000000.000000,7611000000.000000,4.135000,204759000000.000000,0.000000,1509000000.000000,55301000000.000000,28.562000
MRQ,2022-09-30,2022-09-30,2022-09-30,2022-Q3,-19962000000.000000,109312840000.000000,2025-04-29,2873000000.000000,426463000000.000000,,32295000000.000000,394168000000.000000,,17.113000,-5921000000.000000,2423000000.000000,2423000000.000000,12201000000.000000,6399000000.000000,0.618000,2.340000,152492000000.000000,9897000000.000000,142595000000.000000,152492000000.000000,3705000000.000000,4514000000.000000,0.000000,0.104000,0.278000,8354000000.000000,12868000000.000000,0.428000,12868000000.000000,8354000000.000000,6934000000.000000,0.830000,0.800000,0.830000,122406000000.000000,,122406000000.000000,260619840000.000000,8.000000,5.326000,4150000000.000000,0.580000,1.000000,17842000000.000000,0.594000,221943000000.000000,1420000000.000000,302332000000.000000,,3935000000.000000,3964000000.000000,0.000000,3964000000.000000,286485000000.000000,52257000000.000000,234228000000.000000,-1623000000.000000,205000000.000000,-3000000.000000,-1421000000.000000,-2010000000.000000,-6151000000.000000,-5543000000.000000,20000000.000000,10071000000.000000,0.000000,6026000000.000000,5977000000.000000,5977000000.000000,-53000000.000000,373000000.000000,0.199000,11830000000.000000,6012000000.000000,36642000000.000000,0.335000,0.893000,5.511000,5.558000,148827000000.000000,49000000.000000,15.340000,0.907000,0.911000,11384000000.000000,6127000000.000000,30043000000.000000,30043000000.000000,0.000000,,,,,0.000000,7202000000.000000,1.000000,7126000000.000000,7153000000.000000,7647000000.000000,4.200000,204520000000.000000,0.000000,908000000.000000,56055000000.000000,28.592000
MRQ,2022-12-31,2022-12-31,2022-12-31,2022-Q4,-23065000000.000000,131208070000.000000,2025-04-29,2766000000.000000,402853000000.000000,,33108000000.000000,369745000000.000000,,13.680000,-4229000000.000000,3701000000.000000,3701000000.000000,13571000000.000000,-23155000000.000000,0.589000,3.040000,154679000000.000000,7597000000.000000,147082000000.000000,154679000000.000000,3918000000.000000,4595000000.000000,0.000000,0.073000,0.278000,-22034000000.000000,-17439000000.000000,-0.556000,-17439000000.000000,-22034000000.000000,-23594000000.000000,-3.190000,-3.140000,-3.190000,97500000000.000000,,97500000000.000000,281277070000.000000,206.000000,14.510000,6084000000.000000,0.854000,1.000000,17772000000.000000,0.567000,197341000000.000000,1560000000.000000,300317000000.000000,,3123000000.000000,3533000000.000000,0.000000,3533000000.000000,296396000000.000000,56173000000.000000,240223000000.000000,1299000000.000000,353000000.000000,-15000000.000000,-894000000.000000,-2014000000.000000,-5191000000.000000,-3823000000.000000,-11000000.000000,10313000000.000000,0.000000,-23517000000.000000,-23571000000.000000,-23571000000.000000,35000000.000000,362000000.000000,-0.752000,38864000000.000000,-21092000000.000000,42644000000.000000,-0.087000,1.346000,-15.035000,-16.292000,149259000000.000000,54000000.000000,18.410000,1.087000,1.087000,11466000000.000000,-19415000000.000000,31343000000.000000,31343000000.000000,0.000000,,,,,0.000000,7516000000.000000,1.000000,7127000000.000000,7127000000.000000,,4.398000,205512000000.000000,0.000000,-77000000.000000,57032000000.000000,28.836000
MRQ,2023-03-31,2023-03-31,2023-03-31,2023-Q1,-28247000000.000000,137250003718.000000,2025-04-29,2354000000.000000,400873000000.000000,,29903000000.000000,370970000000.000000,,13.867000,-4335000000.000000,2821000000.000000,2821000000.000000,12331000000.000000,4453000000.000000,0.514000,2.943000,155897000000.000000,13757000000.000000,142140000000.000000,155897000000.000000,3922000000.000000,4631000000.000000,0.000000,0.058000,0.278000,7250000000.000000,11881000000.000000,0.394000,11881000000.000000,7250000000.000000,5542000000.000000,0.580000,0.570000,0.580000,99396000000.000000,,99396000000.000000,288228003718.000000,391.000000,15.228000,2343000000.000000,0.327000,1.000000,17808000000.000000,0.591000,197743000000.000000,1708000000.000000,298056000000.000000,,2791000000.000000,2810000000.000000,0.000000,2810000000.000000,292527000000.000000,58150000000.000000,234377000000.000000,-851000000.000000,498000000.000000,-185000000.000000,-1731000000.000000,-2014000000.000000,-3711000000.000000,-3818000000.000000,19000000.000000,6678000000.000000,0.000000,4228000000.000000,4176000000.000000,4176000000.000000,0.000000,225000000.000000,0.139000,11806000000.000000,6002000000.000000,38389000000.000000,0.479000,1.381000,-14.737000,-15.909000,150077000000.000000,52000000.000000,19.250000,1.133000,1.139000,10214000000.000000,-15187000000.000000,30139000000.000000,30139000000.000000,0.000000,,,,,0.000000,7175000000.000000,1.000000,7129870323.000000,7168000000.000000,7474000000.000000,4.205000,203130000000.000000,0.000000,1314000000.000000,57294000000.000000,28.338000
MRQ,2023-06-30,2023-06-30,2023-06-30,2023-Q2,-17487000000.000000,114026550000.000000,2025-04-29,2305000000.000000,408453000000.000000,,36672000000.000000,371781000000.000000,,14.193000,-4270000000.000000,9528000000.000000,9528000000.000000,11827000000.000000,4762000000.000000,0.677000,2.869000,161591000000.000000,15268000000.000000,146323000000.000000,161591000000.000000,3833000000.000000,4675000000.000000,0.000000,0.070000,0.278000,7500000000.000000,12175000000.000000,0.407000,12175000000.000000,7500000000.000000,5892000000.000000,0.610000,0.610000,0.610000,101903000000.000000,,101903000000.000000,267102550000.000000,250.000000,13.708000,5652000000.000000,0.787000,1.000000,18090000000.000000,0.605000,198242000000.000000,1608000000.000000,308115000000.000000,,2348000000.000000,2779000000.000000,0.000000,2779000000.000000,292378000000.000000,54159000000.000000,238219000000.000000,6680000000.000000,-23000000.000000,-1000000.000000,3494000000.000000,-2083000000.000000,2181000000.000000,-5423000000.000000,-1075000000.000000,9922000000.000000,0.000000,4489000000.000000,4437000000.000000,4437000000.000000,0.000000,273000000.000000,0.148000,11684000000.000000,6406000000.000000,33038000000.000000,0.456000,1.119000,-12.696000,-13.632000,150364000000.000000,52000000.000000,15.950000,0.939000,0.943000,9304000000.000000,-10698000000.000000,29917000000.000000,29917000000.000000,0.000000,,,,,0.000000,7009000000.000000,1.000000,7149000000.000000,7180000000.000000,7180000000.000000,4.167000,210211000000.000000,0.000000,1403000000.000000,57972000000.000000,29.277000
MRQ,2023-09-30,2023-09-30,2023-09-30,2023-Q3,-16064000000.000000,107377980000.000000,2025-04-29,2545000000.000000,406698000000.000000,,35620000000.000000,371078000000.000000,,14.433000,-4647000000.000000,7540000000.000000,7540000000.000000,12054000000.000000,3826000000.000000,0.689000,2.785000,155733000000.000000,11302000000.000000,144431000000.000000,155733000000.000000,3703000000.000000,4705000000.000000,0.000000,0.074000,0.278000,6311000000.000000,11016000000.000000,0.363000,11016000000.000000,6311000000.000000,4649000000.000000,0.480000,0.480000,0.480000,103703000000.000000,,103703000000.000000,259440980000.000000,-267.000000,14.713000,5689000000.000000,0.792000,1.000000,18296000000.000000,0.603000,200299000000.000000,1662000000.000000,302908000000.000000,,2520000000.000000,1847000000.000000,0.000000,1847000000.000000,288843000000.000000,51684000000.000000,237159000000.000000,-1963000000.000000,115000000.000000,-1000000.000000,-5372000000.000000,-2019000000.000000,-7754000000.000000,-4545000000.000000,13000000.000000,10336000000.000000,0.000000,3495000000.000000,3444000000.000000,3444000000.000000,0.000000,331000000.000000,0.113000,12514000000.000000,5782000000.000000,34659000000.000000,0.579000,1.035000,-9.326000,-9.882000,149497000000.000000,51000000.000000,15.020000,0.882000,0.886000,8962000000.000000,-7203000000.000000,30350000000.000000,30350000000.000000,0.000000,,,,,0.000000,7205000000.000000,1.000000,7149000000.000000,7185000000.000000,7185000000.000000,4.224000,206399000000.000000,0.000000,1154000000.000000,58671000000.000000,28.726000
MRQ,2023-12-31,2023-12-31,2023-12-31,2023-Q4,-14669000000.000000,119977337580.000000,2025-04-29,2300000000.000000,407060000000.000000,,36458000000.000000,370602000000.000000,,14.447000,-4601000000.000000,6722000000.000000,6722000000.000000,13911000000.000000,2582000000.000000,0.713000,2.804000,154899000000.000000,9477000000.000000,145422000000.000000,154899000000.000000,3778000000.000000,4766000000.000000,0.000000,0.066000,0.278000,4268000000.000000,9034000000.000000,0.282000,9034000000.000000,4268000000.000000,2542000000.000000,0.300000,0.300000,0.300000,103297000000.000000,,103297000000.000000,268170337580.000000,11.000000,6.080000,6777000000.000000,0.948000,1.000000,18111000000.000000,0.566000,200356000000.000000,1726000000.000000,303754000000.000000,,2177000000.000000,1251000000.000000,0.000000,1251000000.000000,289618000000.000000,51127000000.000000,238491000000.000000,-826000000.000000,-1411000000.000000,-4000000.000000,-3226000000.000000,-2020000000.000000,-6330000000.000000,-5874000000.000000,141000000.000000,11378000000.000000,0.000000,2188000000.000000,2135000000.000000,2135000000.000000,0.000000,394000000.000000,0.067000,12840000000.000000,5271000000.000000,35852000000.000000,0.927000,1.161000,8.454000,8.518000,149394000000.000000,53000000.000000,16.780000,0.980000,0.980000,10289000000.000000,-5015000000.000000,32022000000.000000,32022000000.000000,0.000000,,,,,0.000000,7485000000.000000,1.000000,7150020118.000000,7150020118.000000,,4.479000,206704000000.000000,0.000000,354000000.000000,58666000000.000000,28.910000
MRQ,2024-03-31,2024-03-31,2024-03-31,2024-Q1,-14389000000.000000,125889143653.000000,2025-04-29,2167000000.000000,399428000000.000000,,30445000000.000000,368983000000.000000,,14.536000,-3758000000.000000,3520000000.000000,3520000000.000000,11954000000.000000,3751000000.000000,0.679000,2.686000,150055000000.000000,7060000000.000000,142995000000.000000,150055000000.000000,3713000000.000000,5047000000.000000,0.000000,0.063000,0.278000,6287000000.000000,11334000000.000000,0.377000,11334000000.000000,6287000000.000000,4563000000.000000,0.470000,0.470000,0.470000,104540000000.000000,,104540000000.000000,274066143653.000000,11.000000,6.292000,3789000000.000000,0.527000,1.000000,18074000000.000000,0.602000,200558000000.000000,1724000000.000000,300571000000.000000,,2127000000.000000,891000000.000000,0.000000,891000000.000000,280808000000.000000,44834000000.000000,235974000000.000000,-3229000000.000000,-9000000.000000,-157000000.000000,-5098000000.000000,-2034000000.000000,-7815000000.000000,-2961000000.000000,1079000000.000000,7547000000.000000,0.000000,3445000000.000000,3395000000.000000,3395000000.000000,0.000000,306000000.000000,0.113000,12227000000.000000,5847000000.000000,31973000000.000000,0.591000,1.204000,9.387000,9.462000,148519000000.000000,50000000.000000,17.600000,1.029000,1.035000,9577000000.000000,-1570000000.000000,30028000000.000000,30028000000.000000,0.000000,,,,,0.000000,7021000000.000000,1.000000,7152792253.000000,7192000000.000000,7193000000.000000,4.175000,198870000000.000000,0.000000,1118000000.000000,58820000000.000000,27.652000
MRQ,2024-06-30,2024-06-30,2024-06-30,2024-Q2,-12561000000.000000,137021855137.000000,2025-04-29,1440000000.000000,398026000000.000000,,29868000000.000000,368158000000.000000,,14.635000,-4360000000.000000,3093000000.000000,3093000000.000000,11442000000.000000,3949000000.000000,0.704000,2.646000,147778000000.000000,5249000000.000000,142529000000.000000,147778000000.000000,3981000000.000000,5072000000.000000,0.000000,0.058000,0.278000,6438000000.000000,11510000000.000000,0.386000,11510000000.000000,6438000000.000000,4739000000.000000,0.490000,0.490000,0.490000,105310000000.000000,,105310000000.000000,283556855137.000000,12.000000,6.611000,4733000000.000000,0.658000,1.000000,18355000000.000000,0.616000,200410000000.000000,1699000000.000000,299872000000.000000,,1816000000.000000,584000000.000000,0.000000,584000000.000000,278679000000.000000,42429000000.000000,236250000000.000000,-401000000.000000,339000000.000000,-2000000.000000,-2511000000.000000,-2099000000.000000,-5478000000.000000,-4016000000.000000,68000000.000000,9093000000.000000,0.000000,3597000000.000000,3546000000.000000,3546000000.000000,0.000000,352000000.000000,0.119000,12595000000.000000,5760000000.000000,31173000000.000000,0.567000,1.301000,10.944000,10.983000,148354000000.000000,51000000.000000,19.110000,1.121000,1.125000,9686000000.000000,2000000.000000,29797000000.000000,29797000000.000000,0.000000,,,,,0.000000,7043000000.000000,1.000000,7170165104.000000,7196000000.000000,7198000000.000000,4.141000,197616000000.000000,0.000000,1142000000.000000,58918000000.000000,27.462000
MRQ,2024-09-30,2024-09-30,2024-09-30,2024-Q3,-10859000000.000000,157745365294.000000,2025-04-29,648000000.000000,393719000000.000000,,29799000000.000000,363920000000.000000,,14.211000,-5302000000.000000,2586000000.000000,2586000000.000000,11630000000.000000,145000000.000000,0.733000,2.711000,146343000000.000000,2637000000.000000,143706000000.000000,146343000000.000000,4059000000.000000,5087000000.000000,0.000000,0.050000,0.278000,2786000000.000000,7873000000.000000,0.261000,7873000000.000000,2786000000.000000,1111000000.000000,-0.030000,-0.030000,-0.030000,102351000000.000000,,102351000000.000000,302430365294.000000,15.000000,7.608000,4933000000.000000,0.685000,1.000000,18583000000.000000,0.615000,195822000000.000000,1675000000.000000,300996000000.000000,,2529000000.000000,281000000.000000,0.000000,281000000.000000,277437000000.000000,40658000000.000000,236779000000.000000,-477000000.000000,342000000.000000,-41000000.000000,-3067000000.000000,-2038000000.000000,-5562000000.000000,-5150000000.000000,6000000.000000,10235000000.000000,0.000000,-174000000.000000,-226000000.000000,-226000000.000000,0.000000,319000000.000000,-0.007000,16467000000.000000,2116000000.000000,31935000000.000000,-9.267000,1.541000,17.824000,17.886000,148743000000.000000,52000000.000000,22.000000,1.292000,1.298000,9068000000.000000,-185000000.000000,30213000000.000000,30213000000.000000,0.000000,,,,,0.000000,6958000000.000000,1.000000,7170243877.000000,7202000000.000000,7208000000.000000,4.195000,197897000000.000000,0.000000,1285000000.000000,58461000000.000000,27.478000
MRQ,2024-12-31,2024-12-31,2024-12-31,2024-Q4,-15704000000.000000,163381334105.000000,2025-04-29,795000000.000000,394795000000.000000,,31168000000.000000,363627000000.000000,,14.546000,-6843000000.000000,3298000000.000000,3298000000.000000,14195000000.000000,4408000000.000000,0.665000,2.650000,140923000000.000000,5089000000.000000,135834000000.000000,140923000000.000000,4099000000.000000,5374000000.000000,0.000000,0.049000,0.278000,6641000000.000000,12015000000.000000,0.372000,12015000000.000000,6641000000.000000,4980000000.000000,0.560000,0.560000,0.560000,104372000000.000000,,104372000000.000000,307138334105.000000,14.000000,7.188000,5053000000.000000,0.704000,1.000000,18103000000.000000,0.560000,195722000000.000000,1661000000.000000,289826000000.000000,,2270000000.000000,295000000.000000,0.000000,295000000.000000,276550000000.000000,46872000000.000000,229678000000.000000,680000000.000000,-49000000.000000,0.000000,-3390000000.000000,-2037000000.000000,-5853000000.000000,-5363000000.000000,1422000000.000000,11896000000.000000,0.000000,4080000000.000000,4031000000.000000,4031000000.000000,0.000000,328000000.000000,0.125000,12777000000.000000,5326000000.000000,35657000000.000000,0.496000,1.565000,15.204000,15.282000,149780000000.000000,49000000.000000,22.770000,1.336000,1.336000,9638000000.000000,1871000000.000000,32298000000.000000,32298000000.000000,0.000000,,,,,0.000000,7389000000.000000,1.000000,7175289157.000000,7175289157.000000,,4.501000,199073000000.000000,0.000000,900000000.000000,58939000000.000000,27.744000
MRQ,2025-03-31,2025-03-31,2025-03-31,2025-Q1,-14219000000.000000,202999015240.000000,2025-04-29,-142000000.000000,397467000000.000000,,33780000000.000000,363687000000.000000,,14.383000,-4277000000.000000,6885000000.000000,6885000000.000000,12033000000.000000,4692000000.000000,0.704000,2.676000,143594000000.000000,8902000000.000000,134692000000.000000,143594000000.000000,3951000000.000000,5190000000.000000,0.000000,0.039000,0.280000,7308000000.000000,12498000000.000000,0.408000,12498000000.000000,7308000000.000000,5650000000.000000,0.610000,0.610000,0.610000,103744000000.000000,,103744000000.000000,340624015240.000000,15.000000,7.760000,4772000000.000000,0.662000,1.000000,18593000000.000000,0.607000,196031000000.000000,1658000000.000000,290146000000.000000,,2593000000.000000,942000000.000000,0.000000,942000000.000000,277609000000.000000,47999000000.000000,229610000000.000000,3538000000.000000,-9000000.000000,-201000000.000000,1227000000.000000,-2091000000.000000,-553000000.000000,-4958000000.000000,45000000.000000,9049000000.000000,0.000000,4351000000.000000,4395000000.000000,4395000000.000000,0.000000,341000000.000000,0.144000,12839000000.000000,5754000000.000000,33113000000.000000,0.459000,1.957000,17.282000,17.350000,149459000000.000000,-44000000.000000,28.280000,1.651000,1.659000,9228000000.000000,4215000000.000000,30626000000.000000,30626000000.000000,0.000000,,,,,0.000000,7145000000.000000,1.000000,7178183000.000000,7213000000.000000,7223000000.000000,4.246000,201436000000.000000,0.000000,1299000000.000000,59144000000.000000,27.927000
MRT,1994-12-31,1994-12-31,1994-12-31,1994-Q4,,,2025-04-29,,,,,,,,-2350000000.000000,,,3747000000.000000,1649000000.000000,,,,,,,,2038000000.000000,,0.039000,0.782000,2914000000.000000,4952000000.000000,0.421000,4952000000.000000,2914000000.000000,2434000000.000000,1.370000,,1.370000,,,,,,,1618000000.000000,1.346000,1.000000,8025000000.000000,0.682000,,480000000.000000,,,,,,,,,,-253000000.000000,-1063000000.000000,-389000000.000000,353000000.000000,-837000000.000000,-873000000.000000,-3348000000.000000,65000000.000000,3968000000.000000,0.000000,1649000000.000000,1649000000.000000,1649000000.000000,0.000000,0.000000,0.140000,5263000000.000000,2762000000.000000,,0.571000,,,14.737000,,0.000000,20.190000,,2.062000,,,11772000000.000000,11772000000.000000,0.000000,,,,0.248000,0.000000,3225000000.000000,1.000000,,1202000000.000000,,9.794000,,,785000000.000000,,
MRT,1995-12-31,1995-12-31,1995-12-31,1995-Q4,-1377000000.000000,,2025-04-29,-581000000.000000,22002000000.000000,,3679000000.000000,18323000000.000000,,5.136000,-4338000000.000000,490000000.000000,490000000.000000,7864000000.000000,-3064000000.000000,0.728000,2.517000,7352000000.000000,1680000000.000000,5672000000.000000,7352000000.000000,0.000000,4034000000.000000,0.000000,0.029000,0.817000,-588000000.000000,3446000000.000000,0.159000,3446000000.000000,-588000000.000000,-1545000000.000000,-0.830000,-0.830000,-0.830000,6256000000.000000,,6256000000.000000,,,,2452000000.000000,2.013000,1.000000,13848000000.000000,0.638000,2679000000.000000,957000000.000000,21129000000.000000,,131000000.000000,1896000000.000000,310000000.000000,1586000000.000000,15746000000.000000,5056000000.000000,10690000000.000000,67000000.000000,-1226000000.000000,-60000000.000000,1297000000.000000,-1814000000.000000,-1042000000.000000,-5681000000.000000,-117000000.000000,6790000000.000000,0.000000,-3064000000.000000,-3064000000.000000,-3064000000.000000,0.000000,0.000000,-0.141000,8728000000.000000,5120000000.000000,3125000000.000000,-0.984000,,,-34.488000,12988000000.000000,0.000000,28.625000,,1.606000,2389000000.000000,672000000.000000,21712000000.000000,21712000000.000000,0.000000,,,,-0.027000,0.000000,4694000000.000000,1.000000,,1218000000.000000,,17.826000,19323000000.000000,0.000000,1519000000.000000,1010000000.000000,15.865000
MRT,1996-03-31,1996-03-31,1996-03-31,1996-Q1,,,2025-04-29,,,,,,,,,,,,,,,,,,,,,,0.031000,0.826000,,,,,,,,,,,,,,,,,,1.000000,,,,,,,,,,,,,,,,,,,,,,,,,,,,,,,,,,,,,,,26.688000,,,,,,,,,,,,,,1.000000,,1218000000.000000,,,,,,,
MRT,1996-06-30,1996-06-30,1996-06-30,1996-Q2,,,2025-04-29,,,,,,,,,,,,,,,,,,,,,,0.034000,0.835000,,,,,,,,,,,,,,,,,,1.000000,,,,,,,,,,,,,,,,,,,,,,,,,,,,,,,,,,,,,,,24.562000,,,,,,,,,,,,,,1.000000,,1846000000.000000,,,,,,,
MRT,1996-09-30,1996-09-30,1996-09-30,1996-Q3,,,2025-04-29,,,,,,,,,,,,,,,,,,,,,,0.035000,0.843000,,,,,,,,,,,,,,,,,,1.000000,,,,,,,,,,,,,,,,,,,,,,,,,,,,,,,,,,,,,,,24.060000,,,,,,,,,,,,,,1.000000,,1844000000.000000,,,,,,,
MRT,1996-12-31,1996-12-31,1996-12-31,1996-Q4,-3041000000.000000,31067950612.000000,2025-04-29,-637000000.000000,39485000000.000000,30743500000.000000,6271000000.000000,33214000000.000000,0.820000,7.942000,-5855000000.000000,314000000.000000,314000000.000000,14510000000.000000,3477000000.000000,0.673000,3.096000,13265000000.000000,2335000000.000000,10930000000.000000,13265000000.000000,0.000000,4466000000.000000,0.000000,0.033000,0.852000,6448000000.000000,10914000000.000000,0.433000,10914000000.000000,6448000000.000000,5547000000.000000,1.780000,1.770000,1.780000,9641000000.000000,7948500000.000000,9641000000.000000,,,,2046000000.000000,1.685000,1.000000,10692000000.000000,0.424000,3589000000.000000,901000000.000000,39535000000.000000,30332000000.000000,0.000000,2396000000.000000,432000000.000000,1964000000.000000,29844000000.000000,9312000000.000000,20532000000.000000,-253000000.000000,-420000000.000000,-487000000.000000,-354000000.000000,-1765000000.000000,-1709000000.000000,-6445000000.000000,-189000000.000000,7901000000.000000,0.000000,3477000000.000000,3477000000.000000,3477000000.000000,0.000000,0.000000,0.138000,4466000000.000000,6226000000.000000,6584000000.000000,0.479000,3.222000,8.935000,14.573000,26080000000.000000,0.000000,25.940000,1.233000,1.250000,4684000000.000000,1297000000.000000,25202000000.000000,25202000000.000000,0.000000,0.113000,0.437000,0.213000,0.256000,0.000000,0.000000,1.000000,1197685066.000000,1214000000.000000,,20.759000,35896000000.000000,201000000.000000,2070000000.000000,1351000000.000000,29.568000
MRT,1997-03-31,1997-03-31,1997-03-31,1997-Q1,-1326000000.000000,31439232982.000000,2025-04-29,-534000000.000000,23737000000.000000,,4241000000.000000,19496000000.000000,,3.913000,-6483000000.000000,733000000.000000,733000000.000000,14738000000.000000,3446000000.000000,0.762000,2.324000,7794000000.000000,2054000000.000000,5740000000.000000,7794000000.000000,0.000000,4988000000.000000,0.000000,0.041000,1.084000,6446000000.000000,11434000000.000000,0.447000,11434000000.000000,6446000000.000000,5549000000.000000,1.770000,,1.770000,7142000000.000000,,7142000000.000000,38424232982.000000,6.000000,3.361000,1249000000.000000,0.684000,1.000000,10863000000.000000,0.424000,2466000000.000000,897000000.000000,22765000000.000000,,0.000000,2114000000.000000,307000000.000000,1807000000.000000,16595000000.000000,5567000000.000000,11028000000.000000,198000000.000000,-167000000.000000,-491000000.000000,611000000.000000,-1933000000.000000,-924000000.000000,-6610000000.000000,21000000.000000,7732000000.000000,0.000000,3446000000.000000,3446000000.000000,3446000000.000000,0.000000,0.000000,0.135000,4509000000.000000,6354000000.000000,3245000000.000000,0.612000,4.402000,9.123000,14.831000,14126000000.000000,0.000000,26.250000,1.228000,1.871000,2379000000.000000,1989000000.000000,25601000000.000000,25601000000.000000,0.000000,,,,0.252000,0.000000,-14000000.000000,1.000000,1197685066.000000,1825000000.000000,,14.028000,21271000000.000000,0.000000,2103000000.000000,1094000000.000000,11.655000
MRT,1997-06-30,1997-06-30,1997-06-30,1997-Q2,-4471000000.000000,56448401504.000000,2025-04-29,-555000000.000000,41246000000.000000,,7430000000.000000,33816000000.000000,,4.953000,-6265000000.000000,744000000.000000,744000000.000000,15024000000.000000,1856000000.000000,0.624000,3.560000,14852000000.000000,3754000000.000000,11098000000.000000,14852000000.000000,0.000000,5151000000.000000,0.000000,0.028000,0.869000,3979000000.000000,9130000000.000000,0.354000,9130000000.000000,3979000000.000000,3050000000.000000,0.905000,,0.905000,9045000000.000000,,9045000000.000000,63509401504.000000,16.000000,6.956000,1089000000.000000,0.596000,1.000000,10760000000.000000,0.417000,3308000000.000000,929000000.000000,40145000000.000000,,0.000000,2737000000.000000,241000000.000000,2496000000.000000,32201000000.000000,11901000000.000000,20300000000.000000,321000000.000000,-850000000.000000,-466000000.000000,1917000000.000000,-1651000000.000000,-320000000.000000,-6713000000.000000,383000000.000000,7354000000.000000,0.000000,1856000000.000000,1856000000.000000,1856000000.000000,0.000000,0.000000,0.072000,6828000000.000000,3932000000.000000,7738000000.000000,0.960000,6.241000,30.414000,34.188000,26433000000.000000,0.000000,30.940000,2.189000,2.191000,4700000000.000000,551000000.000000,25784000000.000000,25784000000.000000,0.000000,,,,0.154000,0.000000,1677000000.000000,1.000000,1824447366.000000,1826000000.000000,,14.120000,37938000000.000000,812000000.000000,1194000000.000000,1175000000.000000,20.777000
MRT,1997-09-30,1997-09-30,1997-09-30,1997-Q3,-4110000000.000000,56207758642.000000,2025-04-29,-551000000.000000,42056000000.000000,36631000000.000000,7623000000.000000,34433000000.000000,0.714000,5.214000,-6288000000.000000,705000000.000000,705000000.000000,15313000000.000000,1805000000.000000,0.650000,3.410000,15084000000.000000,3448000000.000000,11636000000.000000,15084000000.000000,0.000000,5196000000.000000,0.000000,0.029000,0.878000,3907000000.000000,9103000000.000000,0.348000,9103000000.000000,3907000000.000000,2931000000.000000,0.885000,,0.885000,9536000000.000000,8841000000.000000,9536000000.000000,70315758642.000000,18.000000,7.724000,1110000000.000000,0.607000,1.000000,10843000000.000000,0.415000,3289000000.000000,976000000.000000,41413000000.000000,35964500000.000000,0.000000,3226000000.000000,504000000.000000,2722000000.000000,32520000000.000000,11733000000.000000,20787000000.000000,-66000000.000000,-899000000.000000,-176000000.000000,1747000000.000000,-1678000000.000000,-216000000.000000,-7248000000.000000,-80000000.000000,7398000000.000000,0.000000,1805000000.000000,1805000000.000000,1805000000.000000,0.000000,0.000000,0.069000,6971000000.000000,3872000000.000000,5874000000.000000,0.992000,5.894000,31.140000,34.746000,26774000000.000000,0.000000,30.750000,2.149000,2.150000,4867000000.000000,958000000.000000,26156000000.000000,26156000000.000000,0.000000,0.049000,0.204000,0.109000,0.149000,0.000000,1775000000.000000,1.000000,1827894590.000000,1829000000.000000,,14.301000,38767000000.000000,755000000.000000,1126000000.000000,3211000000.000000,21.196000
MRT,1997-12-31,1997-12-31,1997-12-31,1997-Q4,-3393000000.000000,67140069096.000000,2025-04-29,-574000000.000000,44836000000.000000,37968750000.000000,7517000000.000000,37319000000.000000,1.135000,5.739000,-8856000000.000000,410000000.000000,410000000.000000,27727000000.000000,4087000000.000000,0.689000,3.262000,15315000000.000000,2139000000.000000,13176000000.000000,15315000000.000000,0.000000,7777000000.000000,0.000000,0.024000,0.887000,8088000000.000000,15865000000.000000,0.368000,15865000000.000000,8088000000.000000,6538000000.000000,1.210000,1.200000,1.210000,10520000000.000000,9060750000.000000,10520000000.000000,81519069096.000000,10.000000,5.138000,2723000000.000000,1.485000,1.000000,15379000000.000000,0.357000,3663000000.000000,1550000000.000000,45168000000.000000,37372750000.000000,0.000000,3060000000.000000,320000000.000000,2740000000.000000,34316000000.000000,10910000000.000000,23406000000.000000,180000000.000000,-1219000000.000000,499000000.000000,760000000.000000,-2966000000.000000,-1450000000.000000,-9949000000.000000,113000000.000000,11579000000.000000,0.000000,4087000000.000000,4087000000.000000,4087000000.000000,0.000000,0.000000,0.095000,7777000000.000000,7602000000.000000,8330000000.000000,0.733000,6.382000,16.428000,30.269000,29068000000.000000,0.000000,36.625000,1.558000,1.558000,5344000000.000000,1204000000.000000,43106000000.000000,43106000000.000000,0.000000,0.108000,0.451000,0.216000,0.188000,0.000000,0.000000,1.000000,1833175948.000000,1833175948.000000,,23.514000,41173000000.000000,660000000.000000,2451000000.000000,2000000000.000000,22.460000
MRT,1998-03-31,1998-03-31,1998-03-31,1998-Q1,-2863000000.000000,79754411621.000000,2025-04-29,-582000000.000000,42114000000.000000,42563000000.000000,6969000000.000000,35145000000.000000,1.033000,5.329000,-8768000000.000000,674000000.000000,674000000.000000,29433000000.000000,4215000000.000000,0.709000,3.038000,14419000000.000000,2661000000.000000,11758000000.000000,14419000000.000000,0.000000,7910000000.000000,0.000000,0.015000,0.672000,8299000000.000000,16209000000.000000,0.368000,16209000000.000000,8299000000.000000,6701000000.000000,1.250000,1.230000,1.250000,10429000000.000000,9882500000.000000,10429000000.000000,93328411621.000000,11.000000,5.758000,3277000000.000000,1.675000,1.000000,14555000000.000000,0.331000,3238000000.000000,1598000000.000000,42789000000.000000,42378750000.000000,0.000000,2757000000.000000,176000000.000000,2581000000.000000,31685000000.000000,9832000000.000000,21853000000.000000,-74000000.000000,-1419000000.000000,597000000.000000,69000000.000000,-3010000000.000000,-2079000000.000000,-10040000000.000000,132000000.000000,12045000000.000000,0.000000,4215000000.000000,4215000000.000000,4215000000.000000,0.000000,0.000000,0.096000,6764000000.000000,7791000000.000000,6741000000.000000,0.538000,7.647000,18.922000,34.696000,27380000000.000000,0.000000,43.370000,1.813000,1.930000,4730000000.000000,1629000000.000000,43988000000.000000,43988000000.000000,0.000000,0.099000,0.427000,0.196000,0.189000,0.000000,-1146000000.000000,1.000000,1838930404.000000,1957000000.000000,,22.477000,38876000000.000000,551000000.000000,2486000000.000000,2321000000.000000,19.865000
MRT,1998-06-30,1998-06-30,1998-06-30,1998-Q2,-2989000000.000000,73553771760.000000,2025-04-29,-650000000.000000,42600000000.000000,42901500000.000000,7035000000.000000,35565000000.000000,1.051000,5.549000,-8816000000.000000,615000000.000000,615000000.000000,31188000000.000000,6022000000.000000,0.702000,2.921000,13758000000.000000,2211000000.000000,11547000000.000000,13758000000.000000,0.000000,7499000000.000000,0.000000,0.023000,0.906000,11092000000.000000,18591000000.000000,0.412000,18591000000.000000,11092000000.000000,9479000000.000000,2.200000,2.170000,2.200000,10865000000.000000,10337500000.000000,10865000000.000000,87298771760.000000,8.000000,4.696000,3857000000.000000,1.970000,1.000000,13909000000.000000,0.308000,3208000000.000000,1613000000.000000,42511000000.000000,42970250000.000000,0.000000,2575000000.000000,91000000.000000,2484000000.000000,31735000000.000000,10024000000.000000,21711000000.000000,-33000000.000000,-666000000.000000,490000000.000000,-1085000000.000000,-3059000000.000000,-3390000000.000000,-9316000000.000000,150000000.000000,12673000000.000000,0.000000,6022000000.000000,6022000000.000000,6022000000.000000,0.000000,0.000000,0.134000,3368000000.000000,10541000000.000000,5919000000.000000,0.412000,6.770000,12.214000,18.182000,27758000000.000000,0.000000,40.000000,1.631000,1.737000,4847000000.000000,2167000000.000000,45097000000.000000,45097000000.000000,0.000000,0.140000,0.583000,0.258000,0.246000,0.000000,-4131000000.000000,1.000000,1838844294.000000,1958000000.000000,,23.032000,39392000000.000000,678000000.000000,3457000000.000000,3730000000.000000,20.118000
MRT,1998-09-30,1998-09-30,1998-09-30,1998-Q3,-2401000000.000000,81538826750.000000,2025-04-29,-553000000.000000,42529000000.000000,43019750000.000000,7158000000.000000,35371000000.000000,1.069000,5.898000,-8920000000.000000,779000000.000000,779000000.000000,32896000000.000000,6468000000.000000,0.749000,2.688000,12847000000.000000,1630000000.000000,11217000000.000000,12847000000.000000,0.000000,7654000000.000000,0.000000,0.021000,0.915000,11829000000.000000,19483000000.000000,0.424000,19483000000.000000,11829000000.000000,10212000000.000000,2.400000,2.370000,2.400000,11531000000.000000,10836250000.000000,11531000000.000000,94681826750.000000,8.000000,4.860000,4185000000.000000,2.141000,1.000000,13088000000.000000,0.285000,2742000000.000000,1617000000.000000,42296000000.000000,43191000000.000000,0.000000,2582000000.000000,37000000.000000,2545000000.000000,30998000000.000000,9559000000.000000,21439000000.000000,180000000.000000,104000000.000000,186000000.000000,-1940000000.000000,-3106000000.000000,-4596000000.000000,-8329000000.000000,468000000.000000,13105000000.000000,0.000000,6468000000.000000,6468000000.000000,6468000000.000000,0.000000,0.000000,0.141000,2116000000.000000,10972000000.000000,5889000000.000000,0.381000,7.071000,12.606000,18.492000,27920000000.000000,0.000000,44.380000,1.773000,1.887000,4895000000.000000,2947000000.000000,45984000000.000000,45984000000.000000,0.000000,0.150000,0.597000,0.274000,0.257000,0.000000,-5538000000.000000,1.000000,1837287669.000000,1955000000.000000,,23.521000,39787000000.000000,504000000.000000,3744000000.000000,3957000000.000000,20.351000
MRT,1998-12-31,1998-12-31,1998-12-31,1998-Q4,-5543000000.000000,104901132663.000000,2025-04-29,-822000000.000000,74966000000.000000,50552250000.000000,12697000000.000000,62269000000.000000,0.915000,11.643000,-8882000000.000000,599000000.000000,599000000.000000,27177000000.000000,7690000000.000000,0.696000,2.292000,21348000000.000000,4178000000.000000,17170000000.000000,21348000000.000000,0.000000,7841000000.000000,0.000000,0.017000,0.925000,13675000000.000000,21516000000.000000,0.465000,21516000000.000000,13675000000.000000,12070000000.000000,2.260000,2.230000,2.260000,22774000000.000000,13899750000.000000,22774000000.000000,116969132663.000000,9.000000,5.436000,4099000000.000000,2.096000,1.000000,19064000000.000000,0.412000,5161000000.000000,1605000000.000000,72314000000.000000,49977500000.000000,0.000000,7412000000.000000,0.000000,7412000000.000000,52192000000.000000,18240000000.000000,33952000000.000000,-50000000.000000,-611000000.000000,274000000.000000,-565000000.000000,-3131000000.000000,-3862000000.000000,-9169000000.000000,313000000.000000,12981000000.000000,0.000000,7690000000.000000,7690000000.000000,7690000000.000000,0.000000,0.000000,0.166000,7841000000.000000,11223000000.000000,13253000000.000000,0.409000,4.606000,13.641000,23.730000,44194000000.000000,0.000000,53.630000,2.269000,2.269000,9783000000.000000,8948000000.000000,46241000000.000000,46241000000.000000,0.000000,0.152000,0.553000,0.274000,0.296000,0.000000,0.000000,1.000000,1956015899.000000,1956015899.000000,,23.640000,69805000000.000000,685000000.000000,4380000000.000000,3320000000.000000,35.687000
MRT,1999-03-31,1999-03-31,1999-03-31,1999-Q1,-2132000000.000000,92603123596.000000,2025-04-29,-651000000.000000,45396000000.000000,51372750000.000000,7663000000.000000,37733000000.000000,0.997000,3.971000,-9846000000.000000,547000000.000000,547000000.000000,30124000000.000000,8685000000.000000,0.782000,2.354000,13244000000.000000,1840000000.000000,11404000000.000000,13244000000.000000,0.000000,8582000000.000000,0.000000,0.020000,0.935000,15224000000.000000,23806000000.000000,0.465000,23806000000.000000,15224000000.000000,13518000000.000000,2.340000,2.300000,2.340000,13533000000.000000,14675750000.000000,13533000000.000000,105306123596.000000,7.000000,4.424000,5247000000.000000,1.540000,1.000000,21081000000.000000,0.412000,3124000000.000000,1706000000.000000,45174000000.000000,50573750000.000000,0.000000,2430000000.000000,0.000000,2430000000.000000,31863000000.000000,9795000000.000000,22068000000.000000,287000000.000000,119000000.000000,416000000.000000,-1743000000.000000,-3499000000.000000,-5263000000.000000,-9543000000.000000,174000000.000000,15093000000.000000,0.000000,8685000000.000000,8685000000.000000,8685000000.000000,0.000000,0.000000,0.170000,8582000000.000000,12499000000.000000,5959000000.000000,0.400000,6.843000,10.662000,20.167000,30044000000.000000,0.000000,47.190000,1.808000,3.141000,5376000000.000000,4034000000.000000,51205000000.000000,51205000000.000000,0.000000,0.169000,0.592000,0.301000,0.297000,0.000000,0.000000,1.000000,1962346336.000000,3408000000.000000,,15.025000,42272000000.000000,678000000.000000,4833000000.000000,4003000000.000000,12.404000
MRT,1999-06-30,1999-06-30,1999-06-30,1999-Q2,-1503000000.000000,113902707298.000000,2025-04-29,-612000000.000000,46060000000.000000,52237750000.000000,7873000000.000000,38187000000.000000,1.081000,4.223000,-10634000000.000000,848000000.000000,848000000.000000,33194000000.000000,9603000000.000000,0.840000,2.198000,12361000000.000000,1011000000.000000,11350000000.000000,12361000000.000000,0.000000,9340000000.000000,0.000000,0.016000,0.945000,16759000000.000000,26099000000.000000,0.462000,26099000000.000000,16759000000.000000,14966000000.000000,2.390000,2.350000,2.390000,14404000000.000000,15560500000.000000,14404000000.000000,126599707298.000000,8.000000,4.851000,6289000000.000000,1.844000,1.000000,23249000000.000000,0.412000,3202000000.000000,1793000000.000000,44995000000.000000,51194750000.000000,0.000000,2430000000.000000,0.000000,2430000000.000000,31656000000.000000,9376000000.000000,22280000000.000000,274000000.000000,-2963000000.000000,673000000.000000,483000000.000000,-3871000000.000000,-3152000000.000000,-13497000000.000000,90000000.000000,16923000000.000000,0.000000,9603000000.000000,9603000000.000000,9603000000.000000,0.000000,0.000000,0.170000,9340000000.000000,13909000000.000000,6095000000.000000,0.395000,7.908000,11.861000,24.268000,30358000000.000000,0.000000,58.000000,2.018000,3.505000,5342000000.000000,4731000000.000000,56443000000.000000,56443000000.000000,0.000000,0.184000,0.617000,0.327000,0.297000,0.000000,0.000000,1.000000,1963839781.000000,3411000000.000000,,16.547000,42858000000.000000,666000000.000000,5363000000.000000,4456000000.000000,12.565000
MRT,1999-09-30,1999-09-30,1999-09-30,1999-Q3,-3710000000.000000,100450471369.000000,2025-04-29,-601000000.000000,49136000000.000000,53889500000.000000,7533000000.000000,41603000000.000000,1.146000,4.477000,-11697000000.000000,267000000.000000,267000000.000000,36762000000.000000,9476000000.000000,0.670000,2.215000,13888000000.000000,2622000000.000000,11266000000.000000,13888000000.000000,0.000000,10542000000.000000,0.000000,0.023000,1.199000,17167000000.000000,27709000000.000000,0.449000,27709000000.000000,17167000000.000000,15253000000.000000,2.070000,2.040000,2.070000,15284000000.000000,16498750000.000000,15284000000.000000,111963471369.000000,7.000000,4.041000,6727000000.000000,1.970000,1.000000,25010000000.000000,0.405000,5758000000.000000,1914000000.000000,45756000000.000000,52059750000.000000,0.000000,2510000000.000000,0.000000,2510000000.000000,33852000000.000000,11243000000.000000,22609000000.000000,-508000000.000000,-4666000000.000000,1021000000.000000,1075000000.000000,-4245000000.000000,-2586000000.000000,-16346000000.000000,10000000.000000,18424000000.000000,0.000000,9476000000.000000,9476000000.000000,9476000000.000000,0.000000,0.000000,0.153000,10542000000.000000,14468000000.000000,6332000000.000000,0.579000,6.572000,10.601000,24.667000,31197000000.000000,0.000000,51.060000,1.626000,2.822000,5524000000.000000,5529000000.000000,61772000000.000000,61772000000.000000,0.000000,0.176000,0.574000,0.330000,0.278000,0.000000,0.000000,1.000000,1967302612.000000,3414000000.000000,,18.094000,43378000000.000000,663000000.000000,5777000000.000000,4865000000.000000,12.706000
MRT,1999-12-31,1999-12-31,1999-12-31,1999-Q4,-7383000000.000000,166304775439.000000,2025-04-29,-1062000000.000000,83215000000.000000,55951750000.000000,11930000000.000000,71285000000.000000,0.885000,7.834000,-10304000000.000000,495000000.000000,495000000.000000,29380000000.000000,8159000000.000000,0.618000,2.114000,20849000000.000000,3374000000.000000,17475000000.000000,20849000000.000000,0.000000,8553000000.000000,0.000000,0.020000,0.965000,13869000000.000000,22422000000.000000,0.453000,22422000000.000000,13869000000.000000,12439000000.000000,2.390000,2.360000,2.390000,26726000000.000000,17486750000.000000,26726000000.000000,179925775439.000000,13.000000,8.025000,6370000000.000000,1.867000,1.000000,20151000000.000000,0.407000,6796000000.000000,1430000000.000000,77460000000.000000,53346250000.000000,0.000000,10648000000.000000,0.000000,10648000000.000000,56489000000.000000,19313000000.000000,37176000000.000000,-104000000.000000,-376000000.000000,-538000000.000000,-2350000000.000000,-3287000000.000000,-6105000000.000000,-10673000000.000000,5000000.000000,16674000000.000000,0.000000,8159000000.000000,8159000000.000000,8159000000.000000,0.000000,0.000000,0.165000,8553000000.000000,11598000000.000000,11717000000.000000,0.404000,6.223000,20.383000,20.397000,46571000000.000000,0.000000,48.750000,3.358000,3.358000,9378000000.000000,13798000000.000000,49531000000.000000,49531000000.000000,0.000000,0.146000,0.467000,0.260000,0.280000,0.000000,0.000000,1.000000,3411380009.000000,3411380009.000000,,14.519000,76419000000.000000,767000000.000000,4280000000.000000,8596000000.000000,22.401000
MRT,2000-03-31,2000-03-31,2000-03-31,2000-Q1,-12319000000.000000,143216286502.000000,2025-04-29,-1161000000.000000,89401000000.000000,66953000000.000000,11986000000.000000,77415000000.000000,0.751000,8.225000,-10514000000.000000,678000000.000000,678000000.000000,29775000000.000000,8001000000.000000,0.493000,2.201000,25329000000.000000,8992000000.000000,16337000000.000000,25329000000.000000,0.000000,8874000000.000000,0.000000,0.023000,0.975000,13833000000.000000,22707000000.000000,0.452000,22707000000.000000,13833000000.000000,12404000000.000000,2.350000,2.320000,2.350000,27931000000.000000,21086250000.000000,27931000000.000000,163570286502.000000,12.000000,7.204000,5784000000.000000,1.703000,1.000000,20497000000.000000,0.408000,11194000000.000000,1429000000.000000,78553000000.000000,61691000000.000000,0.000000,11084000000.000000,0.000000,11084000000.000000,61470000000.000000,24305000000.000000,37165000000.000000,-357000000.000000,-4751000000.000000,-937000000.000000,2765000000.000000,-3316000000.000000,-1392000000.000000,-15263000000.000000,0.000000,16298000000.000000,0.000000,8001000000.000000,8001000000.000000,8001000000.000000,0.000000,0.000000,0.159000,8874000000.000000,11623000000.000000,14447000000.000000,0.415000,5.128000,17.900000,17.928000,47132000000.000000,0.000000,42.130000,2.849000,2.846000,8759000000.000000,14774000000.000000,50272000000.000000,50272000000.000000,0.000000,0.120000,0.379000,0.224000,0.275000,0.000000,0.000000,1.000000,3399389663.000000,3396000000.000000,,14.803000,78207000000.000000,572000000.000000,4403000000.000000,6052000000.000000,23.029000
MRT,2000-06-30,2000-06-30,2000-06-30,2000-Q2,-13086000000.000000,149675674060.000000,2025-04-29,-1294000000.000000,91191000000.000000,78235750000.000000,12473000000.000000,78718000000.000000,0.654000,8.355000,-11162000000.000000,813000000.000000,813000000.000000,30603000000.000000,7914000000.000000,0.488000,2.214000,25739000000.000000,9812000000.000000,15927000000.000000,25739000000.000000,0.000000,9198000000.000000,0.000000,0.022000,0.985000,13776000000.000000,22974000000.000000,0.449000,22974000000.000000,13776000000.000000,12278000000.000000,2.320000,2.300000,2.320000,28375000000.000000,24579000000.000000,28375000000.000000,174326674060.000000,13.000000,7.588000,4555000000.000000,1.341000,1.000000,20592000000.000000,0.402000,11067000000.000000,1498000000.000000,79491000000.000000,70315000000.000000,0.000000,10918000000.000000,0.000000,10918000000.000000,62816000000.000000,25559000000.000000,37257000000.000000,-327000000.000000,-1662000000.000000,-1634000000.000000,1647000000.000000,-3350000000.000000,-3220000000.000000,-12824000000.000000,0.000000,15717000000.000000,0.000000,7914000000.000000,7914000000.000000,7914000000.000000,0.000000,0.000000,0.155000,9198000000.000000,11394000000.000000,14883000000.000000,0.425000,5.275000,18.913000,18.966000,48045000000.000000,0.000000,44.000000,2.924000,2.919000,9538000000.000000,15764000000.000000,51195000000.000000,51195000000.000000,0.000000,0.101000,0.322000,0.196000,0.269000,0.000000,0.000000,1.000000,3401719865.000000,3396000000.000000,,15.075000,80124000000.000000,461000000.000000,4364000000.000000,6372000000.000000,23.594000
MRT,2000-09-30,2000-09-30,2000-09-30,2000-Q3,-12847000000.000000,169071368422.000000,2025-04-29,-1246000000.000000,94576000000.000000,89595750000.000000,13812000000.000000,80764000000.000000,0.581000,8.913000,-12500000000.000000,545000000.000000,545000000.000000,31176000000.000000,9778000000.000000,0.518000,2.133000,25303000000.000000,9413000000.000000,15890000000.000000,25303000000.000000,0.000000,9118000000.000000,0.000000,0.015000,0.751000,16249000000.000000,25367000000.000000,0.487000,25367000000.000000,16249000000.000000,14694000000.000000,2.880000,2.850000,2.880000,30190000000.000000,28305500000.000000,30190000000.000000,193997368422.000000,12.000000,7.648000,3405000000.000000,1.005000,1.000000,20896000000.000000,0.401000,12147000000.000000,1555000000.000000,80528000000.000000,79008000000.000000,0.000000,9937000000.000000,0.000000,9937000000.000000,64386000000.000000,26659000000.000000,37727000000.000000,13000000.000000,1304000000.000000,-2171000000.000000,1234000000.000000,-3383000000.000000,-4188000000.000000,-11704000000.000000,-508000000.000000,15905000000.000000,0.000000,9778000000.000000,9778000000.000000,9778000000.000000,0.000000,0.000000,0.188000,9118000000.000000,11778000000.000000,12137000000.000000,0.261000,5.600000,17.291000,17.319000,49697000000.000000,0.000000,49.880000,3.247000,3.244000,10142000000.000000,17905000000.000000,52072000000.000000,52072000000.000000,0.000000,0.109000,0.345000,0.206000,0.312000,0.000000,0.000000,1.000000,3389562318.000000,3387000000.000000,,15.374000,82429000000.000000,590000000.000000,4916000000.000000,11116000000.000000,24.337000
MRT,2000-12-31,2000-12-31,2000-12-31,2000-Q4,-16709000000.000000,161632371362.000000,2025-04-29,-1307000000.000000,98651000000.000000,93454750000.000000,13648000000.000000,85003000000.000000,0.550000,8.999000,-13124000000.000000,643000000.000000,643000000.000000,31156000000.000000,7800000000.000000,0.450000,2.238000,25962000000.000000,10470000000.000000,15492000000.000000,25962000000.000000,0.000000,9748000000.000000,0.000000,0.021000,1.005000,14208000000.000000,23956000000.000000,0.466000,23956000000.000000,14208000000.000000,12616000000.000000,2.300000,2.320000,2.300000,30463000000.000000,29239750000.000000,30463000000.000000,186390371362.000000,13.000000,7.781000,942000000.000000,0.278000,1.000000,20218000000.000000,0.394000,3719000000.000000,1592000000.000000,89894000000.000000,82116500000.000000,0.000000,21946000000.000000,0.000000,21946000000.000000,68188000000.000000,30357000000.000000,37831000000.000000,148000000.000000,-506000000.000000,-1523000000.000000,5128000000.000000,-3418000000.000000,252000000.000000,-14170000000.000000,-539000000.000000,14066000000.000000,0.000000,7800000000.000000,7800000000.000000,7800000000.000000,0.000000,0.000000,0.152000,9748000000.000000,10470000000.000000,15432000000.000000,0.437000,5.306000,20.722000,20.761000,47195000000.000000,0.000000,47.750000,3.146000,3.146000,10144000000.000000,18341000000.000000,51374000000.000000,51374000000.000000,0.000000,0.083000,0.267000,0.173000,0.277000,0.000000,0.000000,1.000000,3384971128.000000,3384971128.000000,,15.177000,94932000000.000000,671000000.000000,4816000000.000000,10716000000.000000,28.045000
MRT,2001-03-31,2001-03-31,2001-03-31,2001-Q1,-6211000000.000000,150594275551.000000,2025-04-29,-1568000000.000000,97325000000.000000,95435750000.000000,21714000000.000000,75611000000.000000,0.524000,8.977000,-13582000000.000000,551000000.000000,551000000.000000,30025000000.000000,7832000000.000000,0.778000,2.210000,27204000000.000000,10643000000.000000,16561000000.000000,27204000000.000000,0.000000,9933000000.000000,0.000000,0.023000,1.015000,14225000000.000000,24158000000.000000,0.483000,24158000000.000000,14225000000.000000,12530000000.000000,2.310000,2.330000,2.310000,30316000000.000000,29836000000.000000,30316000000.000000,175913275551.000000,12.000000,7.282000,-515000000.000000,-0.153000,1.000000,19986000000.000000,0.400000,5022000000.000000,1695000000.000000,91031000000.000000,85236000000.000000,0.000000,20537000000.000000,9138000000.000000,11399000000.000000,67009000000.000000,27925000000.000000,39084000000.000000,-306000000.000000,4447000000.000000,-2274000000.000000,1961000000.000000,-3443000000.000000,-4208000000.000000,-9165000000.000000,-29000000.000000,13067000000.000000,0.000000,7832000000.000000,7832000000.000000,7832000000.000000,0.000000,0.000000,0.157000,9933000000.000000,10053000000.000000,13770000000.000000,0.439000,4.967000,19.228000,19.320000,47550000000.000000,0.000000,44.630000,3.011000,3.014000,9315000000.000000,19333000000.000000,50011000000.000000,50011000000.000000,0.000000,0.082000,0.263000,0.167000,0.284000,0.000000,0.000000,1.000000,3374283566.000000,3377000000.000000,,14.809000,92303000000.000000,612000000.000000,4698000000.000000,10235000000.000000,27.333000
MRT,2001-06-30,2001-06-30,2001-06-30,2001-Q2,-10585000000.000000,134920719963.000000,2025-04-29,-1537000000.000000,95934000000.000000,96621500000.000000,12574000000.000000,83360000000.000000,0.500000,9.283000,-13527000000.000000,649000000.000000,649000000.000000,28375000000.000000,8052000000.000000,0.543000,2.069000,27045000000.000000,8021000000.000000,19024000000.000000,27045000000.000000,0.000000,9790000000.000000,0.000000,0.025000,1.017000,14535000000.000000,24325000000.000000,0.504000,24325000000.000000,14535000000.000000,12831000000.000000,2.390000,2.400000,2.390000,31255000000.000000,30556000000.000000,31255000000.000000,161573719963.000000,11.000000,6.642000,380000000.000000,0.113000,1.000000,19922000000.000000,0.412000,4957000000.000000,1704000000.000000,94214000000.000000,88916750000.000000,0.000000,17699000000.000000,0.000000,17699000000.000000,64679000000.000000,23159000000.000000,41520000000.000000,-164000000.000000,4895000000.000000,-2136000000.000000,1194000000.000000,-3447000000.000000,-5409000000.000000,-8662000000.000000,-29000000.000000,13907000000.000000,0.000000,8052000000.000000,8052000000.000000,8052000000.000000,0.000000,0.000000,0.167000,9790000000.000000,10132000000.000000,10808000000.000000,0.426000,4.317000,16.756000,16.762000,48559000000.000000,0.000000,40.060000,2.794000,2.793000,9208000000.000000,20544000000.000000,48297000000.000000,48297000000.000000,0.000000,0.083000,0.264000,0.163000,0.301000,0.000000,0.000000,1.000000,3367966050.000000,3367000000.000000,,14.344000,90977000000.000000,574000000.000000,4779000000.000000,11166000000.000000,27.020000
MRT,2001-09-30,2001-09-30,2001-09-30,2001-Q3,-10494000000.000000,158413485454.000000,2025-04-29,-1495000000.000000,95715000000.000000,96906250000.000000,12624000000.000000,83091000000.000000,0.477000,9.591000,-12018000000.000000,562000000.000000,562000000.000000,26478000000.000000,7125000000.000000,0.546000,1.944000,25359000000.000000,7318000000.000000,18041000000.000000,25359000000.000000,0.000000,9627000000.000000,0.000000,0.022000,1.020000,12983000000.000000,22610000000.000000,0.489000,22610000000.000000,12983000000.000000,11324000000.000000,2.120000,2.130000,2.120000,32512000000.000000,31136500000.000000,32512000000.000000,184809485454.000000,14.000000,8.174000,2044000000.000000,0.603000,1.000000,19735000000.000000,0.427000,4041000000.000000,1659000000.000000,93353000000.000000,92123000000.000000,0.000000,18130000000.000000,0.000000,18130000000.000000,63203000000.000000,23118000000.000000,40085000000.000000,17000000.000000,3536000000.000000,-1757000000.000000,260000000.000000,-3449000000.000000,-6066000000.000000,-7979000000.000000,504000000.000000,14062000000.000000,0.000000,7125000000.000000,7125000000.000000,7125000000.000000,0.000000,0.000000,0.154000,9627000000.000000,10108000000.000000,10582000000.000000,0.481000,4.872000,22.233000,22.226000,48872000000.000000,0.000000,47.120000,3.428000,3.457000,9319000000.000000,21751000000.000000,46213000000.000000,46213000000.000000,0.000000,0.074000,0.229000,0.141000,0.281000,0.000000,0.000000,1.000000,3361916075.000000,3390000000.000000,,13.632000,91674000000.000000,549000000.000000,4199000000.000000,11967000000.000000,27.042000
MRT,2001-12-31,2001-12-31,2001-12-31,2001-Q4,-11368000000.000000,131672330504.000000,2025-04-29,-1589000000.000000,96322000000.000000,96324000000.000000,12580000000.000000,83742000000.000000,0.477000,9.793000,-11189000000.000000,703000000.000000,703000000.000000,16940000000.000000,7008000000.000000,0.525000,1.926000,26166000000.000000,9033000000.000000,17133000000.000000,26166000000.000000,0.000000,9077000000.000000,0.000000,0.026000,1.023000,12549000000.000000,21626000000.000000,0.471000,21626000000.000000,12549000000.000000,10950000000.000000,2.080000,2.070000,2.080000,32919000000.000000,31750500000.000000,32919000000.000000,156469330504.000000,12.000000,7.235000,3616000000.000000,1.076000,1.000000,28968000000.000000,0.631000,3577000000.000000,1599000000.000000,94260000000.000000,93214500000.000000,0.000000,17891000000.000000,0.000000,17891000000.000000,63403000000.000000,23948000000.000000,39455000000.000000,60000000.000000,2291000000.000000,-1745000000.000000,274000000.000000,-3456000000.000000,-6358000000.000000,-8387000000.000000,510000000.000000,14805000000.000000,0.000000,7008000000.000000,7008000000.000000,7008000000.000000,0.000000,0.000000,0.153000,18460000000.000000,10508000000.000000,11459000000.000000,0.492000,4.000000,18.789000,18.832000,49827000000.000000,0.000000,39.170000,2.868000,2.868000,9376000000.000000,21737000000.000000,45908000000.000000,45908000000.000000,0.000000,0.073000,0.221000,0.135000,0.273000,0.000000,9383000000.000000,1.000000,3361560646.000000,3361560646.000000,,13.657000,92745000000.000000,713000000.000000,3942000000.000000,11022000000.000000,27.590000
MRT,2002-03-31,2002-03-31,2002-03-31,2002-Q1,-9181000000.000000,125499617268.000000,2025-04-29,-1642000000.000000,94212000000.000000,95545750000.000000,11892000000.000000,82320000000.000000,0.473000,9.244000,-10147000000.000000,830000000.000000,830000000.000000,14769000000.000000,4961000000.000000,0.564000,2.045000,27551000000.000000,8489000000.000000,19062000000.000000,27551000000.000000,0.000000,8765000000.000000,0.000000,0.027000,1.025000,10172000000.000000,18937000000.000000,0.419000,18937000000.000000,10172000000.000000,8682000000.000000,1.480000,1.460000,1.480000,30938000000.000000,31906000000.000000,30938000000.000000,150962617268.000000,15.000000,7.972000,4970000000.000000,1.485000,1.000000,30471000000.000000,0.674000,1656000000.000000,1490000000.000000,98204000000.000000,95007750000.000000,0.000000,18468000000.000000,0.000000,18468000000.000000,63274000000.000000,21073000000.000000,42201000000.000000,279000000.000000,566000000.000000,-1331000000.000000,474000000.000000,-3457000000.000000,-5257000000.000000,-9581000000.000000,0.000000,15117000000.000000,0.000000,4961000000.000000,4961000000.000000,4961000000.000000,0.000000,0.000000,0.110000,20440000000.000000,10031000000.000000,9683000000.000000,0.693000,4.056000,25.297000,25.297000,49569000000.000000,0.000000,37.440000,2.774000,2.770000,8321000000.000000,21159000000.000000,45240000000.000000,45240000000.000000,0.000000,0.052000,0.155000,0.107000,0.225000,0.000000,11675000000.000000,1.000000,3352019692.000000,3347000000.000000,,13.517000,92556000000.000000,739000000.000000,3721000000.000000,11153000000.000000,27.653000
MRT,2002-06-30,2002-06-30,2002-06-30,2002-Q2,-8457000000.000000,101875218398.000000,2025-04-29,-1242000000.000000,94326000000.000000,95143750000.000000,12328000000.000000,81998000000.000000,0.469000,9.465000,-8941000000.000000,543000000.000000,543000000.000000,12637000000.000000,4672000000.000000,0.593000,1.973000,25799000000.000000,7742000000.000000,18057000000.000000,25799000000.000000,0.000000,8747000000.000000,0.000000,0.034000,1.039000,9504000000.000000,18251000000.000000,0.409000,18251000000.000000,9504000000.000000,8099000000.000000,1.390000,1.380000,1.390000,31728000000.000000,32024250000.000000,31728000000.000000,128596218398.000000,14.000000,7.046000,5920000000.000000,1.766000,1.000000,31969000000.000000,0.717000,1658000000.000000,1405000000.000000,97139000000.000000,95739000000.000000,0.000000,15515000000.000000,0.000000,15515000000.000000,62598000000.000000,20785000000.000000,41813000000.000000,-106000000.000000,433000000.000000,-1538000000.000000,-1034000000.000000,-3491000000.000000,-6460000000.000000,-8507000000.000000,0.000000,14861000000.000000,0.000000,4672000000.000000,4672000000.000000,4672000000.000000,0.000000,0.000000,0.105000,22851000000.000000,9118000000.000000,9642000000.000000,0.747000,3.211000,21.805000,21.942000,49270000000.000000,0.000000,30.500000,2.284000,2.292000,9392000000.000000,22088000000.000000,44606000000.000000,44606000000.000000,0.000000,0.049000,0.146000,0.099000,0.213000,0.000000,14104000000.000000,1.000000,3340171095.000000,3352000000.000000,,13.307000,92668000000.000000,775000000.000000,3427000000.000000,12143000000.000000,27.646000
MRT,2002-09-30,2002-09-30,2002-09-30,2002-Q3,-7122000000.000000,66834181305.000000,2025-04-29,-1310000000.000000,93863000000.000000,94680750000.000000,11465000000.000000,82398000000.000000,0.463000,9.709000,-8091000000.000000,873000000.000000,873000000.000000,10457000000.000000,4309000000.000000,0.617000,1.898000,24067000000.000000,5134000000.000000,18933000000.000000,24067000000.000000,0.000000,8695000000.000000,0.000000,0.052000,1.052000,8827000000.000000,17522000000.000000,0.400000,17522000000.000000,8827000000.000000,7443000000.000000,1.280000,1.280000,1.280000,32389000000.000000,31993500000.000000,32389000000.000000,92090181305.000000,10.000000,5.256000,6730000000.000000,2.017000,1.000000,33367000000.000000,0.761000,1658000000.000000,1384000000.000000,96812000000.000000,96603750000.000000,0.000000,16482000000.000000,0.000000,16482000000.000000,61474000000.000000,18587000000.000000,42887000000.000000,311000000.000000,402000000.000000,-1633000000.000000,-1360000000.000000,-3525000000.000000,-6822000000.000000,-7688000000.000000,0.000000,14821000000.000000,0.000000,4309000000.000000,4309000000.000000,4309000000.000000,0.000000,0.000000,0.098000,25042000000.000000,8325000000.000000,9634000000.000000,0.822000,2.063000,15.510000,15.703000,48736000000.000000,0.000000,20.100000,1.525000,1.530000,8348000000.000000,22957000000.000000,43824000000.000000,43824000000.000000,0.000000,0.046000,0.135000,0.091000,0.201000,0.000000,16347000000.000000,1.000000,3325083647.000000,3336000000.000000,,13.137000,92205000000.000000,730000000.000000,3134000000.000000,12804000000.000000,27.639000
MRT,2002-12-31,2002-12-31,2002-12-31,2002-Q4,-594000000.000000,90010715204.000000,2025-04-29,-2451000000.000000,95057000000.000000,94364500000.000000,14089000000.000000,80968000000.000000,0.454000,9.999000,-6808000000.000000,3567000000.000000,3567000000.000000,16474000000.000000,5653000000.000000,0.960000,1.863000,22041000000.000000,3505000000.000000,18536000000.000000,22041000000.000000,0.000000,8578000000.000000,0.000000,0.039000,1.066000,9945000000.000000,18523000000.000000,0.433000,18523000000.000000,9945000000.000000,8563000000.000000,1.700000,1.690000,1.700000,33199000000.000000,32063500000.000000,33199000000.000000,113204715204.000000,11.000000,6.112000,8328000000.000000,2.508000,1.000000,26347000000.000000,0.615000,1643000000.000000,1382000000.000000,97205000000.000000,97340000000.000000,0.000000,16356000000.000000,1000000.000000,16355000000.000000,61858000000.000000,14683000000.000000,47175000000.000000,2867000000.000000,3479000000.000000,-1309000000.000000,-4139000000.000000,-3557000000.000000,-9018000000.000000,-3328000000.000000,1000000.000000,15136000000.000000,0.000000,5653000000.000000,5653000000.000000,5653000000.000000,-112000000.000000,0.000000,0.132000,17909000000.000000,8438000000.000000,9413000000.000000,0.627000,2.711000,15.923000,15.947000,48490000000.000000,0.000000,27.110000,2.102000,2.102000,8540000000.000000,23802000000.000000,42821000000.000000,42821000000.000000,0.000000,0.060000,0.176000,0.102000,0.232000,0.000000,9331000000.000000,1.000000,3320203438.000000,3320203438.000000,,12.897000,93414000000.000000,704000000.000000,2910000000.000000,11840000000.000000,28.135000
MRT,2003-03-31,2003-03-31,2003-03-31,2003-Q1,-292000000.000000,66607230439.000000,2025-04-29,-1132000000.000000,100166000000.000000,95853000000.000000,13968000000.000000,86198000000.000000,0.445000,11.520000,-5940000000.000000,4806000000.000000,4806000000.000000,16645000000.000000,10842000000.000000,0.980000,1.619000,17939000000.000000,1879000000.000000,16060000000.000000,17939000000.000000,0.000000,8438000000.000000,0.000000,0.054000,1.080000,15509000000.000000,23947000000.000000,0.561000,23947000000.000000,15509000000.000000,14160000000.000000,3.250000,3.240000,3.250000,38248000000.000000,33891000000.000000,38248000000.000000,85081230439.000000,5.000000,3.553000,9569000000.000000,2.882000,1.000000,26029000000.000000,0.610000,1611000000.000000,1349000000.000000,97428000000.000000,97146000000.000000,0.000000,18328000000.000000,378000000.000000,17950000000.000000,61918000000.000000,14260000000.000000,47658000000.000000,4005000000.000000,6072000000.000000,-727000000.000000,-7375000000.000000,-3594000000.000000,-11709000000.000000,128000000.000000,-4000000.000000,15509000000.000000,0.000000,10842000000.000000,10842000000.000000,10842000000.000000,-112000000.000000,0.000000,0.254000,17875000000.000000,8154000000.000000,10870000000.000000,0.332000,1.741000,6.143000,6.172000,52128000000.000000,0.000000,20.060000,1.561000,1.561000,6178000000.000000,27635000000.000000,42674000000.000000,42674000000.000000,0.000000,0.113000,0.320000,0.160000,0.363000,0.000000,9437000000.000000,1.000000,3320400321.000000,3320000000.000000,,12.854000,98555000000.000000,712000000.000000,3318000000.000000,15777000000.000000,29.685000
MRT,2003-06-30,2003-06-30,2003-06-30,2003-Q2,-239000000.000000,84887461317.000000,2025-04-29,-1713000000.000000,100651000000.000000,97434250000.000000,14760000000.000000,85891000000.000000,0.432000,11.491000,-5281000000.000000,5139000000.000000,5139000000.000000,16618000000.000000,10448000000.000000,0.984000,1.636000,18528000000.000000,1790000000.000000,16738000000.000000,18528000000.000000,0.000000,8259000000.000000,0.000000,0.045000,1.143000,14986000000.000000,23245000000.000000,0.553000,23245000000.000000,14986000000.000000,13601000000.000000,3.140000,3.130000,3.140000,38183000000.000000,35504750000.000000,38183000000.000000,100329461317.000000,7.000000,4.316000,10029000000.000000,3.018000,1.000000,25449000000.000000,0.605000,1643000000.000000,1385000000.000000,97398000000.000000,97210750000.000000,0.000000,17381000000.000000,0.000000,17381000000.000000,62468000000.000000,14999000000.000000,47469000000.000000,4599000000.000000,6106000000.000000,-141000000.000000,-7382000000.000000,-3794000000.000000,-11329000000.000000,541000000.000000,-284000000.000000,15310000000.000000,0.000000,10448000000.000000,10448000000.000000,10448000000.000000,-112000000.000000,0.000000,0.248000,17709000000.000000,7740000000.000000,8935000000.000000,0.364000,2.223000,8.125000,8.137000,52534000000.000000,0.000000,25.550000,2.018000,2.018000,5881000000.000000,27819000000.000000,42067000000.000000,42067000000.000000,0.000000,0.107000,0.294000,0.154000,0.356000,0.000000,9450000000.000000,1.000000,3322405531.000000,3323000000.000000,,12.659000,99008000000.000000,1495000000.000000,3153000000.000000,15955000000.000000,29.795000
MRT,2003-09-30,2003-09-30,2003-09-30,2003-Q3,-829000000.000000,73949757194.000000,2025-04-29,-1729000000.000000,101308000000.000000,99295500000.000000,14890000000.000000,86418000000.000000,0.420000,11.417000,-5045000000.000000,4940000000.000000,4940000000.000000,16743000000.000000,9955000000.000000,0.947000,1.674000,18257000000.000000,1900000000.000000,16357000000.000000,18257000000.000000,0.000000,8063000000.000000,0.000000,0.056000,1.255000,14164000000.000000,22227000000.000000,0.534000,22227000000.000000,14164000000.000000,12855000000.000000,3.000000,2.990000,3.000000,37892000000.000000,36880500000.000000,37892000000.000000,87338757194.000000,6.000000,3.929000,9206000000.000000,2.774000,1.000000,24918000000.000000,0.598000,1622000000.000000,1309000000.000000,97284000000.000000,97328750000.000000,0.000000,17946000000.000000,261000000.000000,17685000000.000000,63416000000.000000,15719000000.000000,47697000000.000000,4066000000.000000,5877000000.000000,-273000000.000000,-6006000000.000000,-4168000000.000000,-10467000000.000000,-17000000.000000,-849000000.000000,14251000000.000000,0.000000,9955000000.000000,9955000000.000000,9955000000.000000,-142000000.000000,0.000000,0.239000,17646000000.000000,7272000000.000000,9339000000.000000,0.418000,1.952000,7.428000,7.417000,51983000000.000000,0.000000,22.250000,1.775000,1.773000,6140000000.000000,27769000000.000000,41661000000.000000,41661000000.000000,0.000000,0.100000,0.270000,0.146000,0.340000,0.000000,9583000000.000000,1.000000,3323584593.000000,3319000000.000000,,12.552000,99686000000.000000,1511000000.000000,2900000000.000000,16615000000.000000,30.035000
MRT,2003-12-31,2003-12-31,2003-12-31,2003-Q4,-277000000.000000,86309153969.000000,2025-04-29,-1132000000.000000,100233000000.000000,100589500000.000000,14023000000.000000,86210000000.000000,0.403000,11.553000,-5219000000.000000,4806000000.000000,4806000000.000000,16857000000.000000,8505000000.000000,0.981000,1.621000,17976000000.000000,1879000000.000000,16097000000.000000,17976000000.000000,0.000000,7870000000.000000,0.000000,0.052000,1.368000,12553000000.000000,20423000000.000000,0.504000,20423000000.000000,12553000000.000000,11362000000.000000,2.560000,2.560000,2.560000,38248000000.000000,38142750000.000000,38248000000.000000,99626153969.000000,8.000000,4.878000,8187000000.000000,2.473000,1.000000,23641000000.000000,0.584000,1611000000.000000,1191000000.000000,97492000000.000000,97400500000.000000,0.000000,18305000000.000000,378000000.000000,17927000000.000000,61985000000.000000,14300000000.000000,47685000000.000000,1235000000.000000,3012000000.000000,-388000000.000000,-4296000000.000000,-4539000000.000000,-9222000000.000000,-3105000000.000000,-898000000.000000,13406000000.000000,0.000000,8505000000.000000,8505000000.000000,8505000000.000000,-112000000.000000,0.000000,0.210000,17357000000.000000,6284000000.000000,10658000000.000000,0.534000,2.257000,10.148000,10.184000,52128000000.000000,0.000000,26.070000,2.131000,2.131000,6160000000.000000,27635000000.000000,40498000000.000000,40498000000.000000,0.000000,0.085000,0.223000,0.129000,0.310000,-1000000.000000,9487000000.000000,1.000000,3310669504.000000,3310669504.000000,,12.233000,98622000000.000000,741000000.000000,2857000000.000000,15692000000.000000,29.789000
MRT,2004-03-31,2004-03-31,2004-03-31,2004-Q1,2347000000.000000,81184307024.000000,2025-04-29,-1067000000.000000,100419000000.000000,100652750000.000000,15818000000.000000,84601000000.000000,0.399000,11.913000,-5258000000.000000,7081000000.000000,7081000000.000000,17092000000.000000,5439000000.000000,1.174000,1.548000,17924000000.000000,2070000000.000000,15854000000.000000,17924000000.000000,0.000000,7797000000.000000,0.000000,0.057000,1.410000,9117000000.000000,16914000000.000000,0.422000,16914000000.000000,9117000000.000000,8010000000.000000,1.650000,1.650000,1.650000,39409000000.000000,38433000000.000000,39409000000.000000,94317307024.000000,10.000000,5.576000,7511000000.000000,2.271000,1.000000,23028000000.000000,0.574000,1621000000.000000,1107000000.000000,96170000000.000000,97086000000.000000,0.000000,17541000000.000000,378000000.000000,17163000000.000000,61010000000.000000,13471000000.000000,47539000000.000000,2245000000.000000,2921000000.000000,-346000000.000000,-2576000000.000000,-4676000000.000000,-7597000000.000000,-3129000000.000000,-792000000.000000,12769000000.000000,0.000000,5439000000.000000,5439000000.000000,5439000000.000000,-168000000.000000,0.000000,0.136000,17174000000.000000,5854000000.000000,9471000000.000000,0.855000,2.060000,14.926000,14.873000,51202000000.000000,0.000000,24.540000,2.024000,2.023000,5793000000.000000,28548000000.000000,40120000000.000000,40120000000.000000,0.000000,0.054000,0.142000,0.094000,0.227000,-1000000.000000,9377000000.000000,1.000000,3308243970.000000,3308000000.000000,,12.128000,98798000000.000000,644000000.000000,2571000000.000000,16633000000.000000,29.866000
MRT,2004-06-30,2004-06-30,2004-06-30,2004-Q2,6169000000.000000,80313046302.000000,2025-04-29,-1374000000.000000,100422000000.000000,100595500000.000000,19957000000.000000,80465000000.000000,0.398000,11.860000,-5388000000.000000,11586000000.000000,11586000000.000000,17317000000.000000,5219000000.000000,1.447000,1.557000,17622000000.000000,2460000000.000000,15162000000.000000,17622000000.000000,0.000000,7708000000.000000,0.000000,0.057000,1.390000,8587000000.000000,16295000000.000000,0.407000,16295000000.000000,8587000000.000000,7621000000.000000,1.580000,1.580000,1.580000,39280000000.000000,38707250000.000000,39280000000.000000,91156046302.000000,11.000000,5.594000,6902000000.000000,2.084000,1.000000,22763000000.000000,0.568000,1625000000.000000,966000000.000000,91045000000.000000,95497750000.000000,0.000000,13771000000.000000,346000000.000000,13425000000.000000,61142000000.000000,13788000000.000000,47354000000.000000,6443000000.000000,5562000000.000000,-337000000.000000,-871000000.000000,-4609000000.000000,-5816000000.000000,-287000000.000000,-461000000.000000,12290000000.000000,0.000000,5219000000.000000,5219000000.000000,5219000000.000000,-201000000.000000,0.000000,0.130000,17219000000.000000,5544000000.000000,9386000000.000000,0.880000,2.045000,15.389000,15.348000,50556000000.000000,0.000000,24.250000,2.004000,2.004000,5564000000.000000,28670000000.000000,40080000000.000000,40080000000.000000,0.000000,0.052000,0.135000,0.090000,0.214000,-1000000.000000,9511000000.000000,1.000000,3311878198.000000,3312000000.000000,,12.101000,98797000000.000000,575000000.000000,2402000000.000000,16793000000.000000,29.830000
MRT,2004-09-30,2004-09-30,2004-09-30,2004-Q3,7707000000.000000,85989039561.000000,2025-04-29,-1589000000.000000,101986000000.000000,100765000000.000000,21112000000.000000,80874000000.000000,0.399000,12.133000,-5446000000.000000,13290000000.000000,13290000000.000000,17375000000.000000,6097000000.000000,1.575000,1.536000,18242000000.000000,1703000000.000000,16539000000.000000,18242000000.000000,0.000000,7645000000.000000,0.000000,0.051000,1.320000,9454000000.000000,17099000000.000000,0.425000,17099000000.000000,9454000000.000000,8530000000.000000,1.840000,1.840000,1.840000,40210000000.000000,39286750000.000000,40210000000.000000,92025039561.000000,10.000000,5.382000,5636000000.000000,1.701000,1.000000,22847000000.000000,0.568000,1625000000.000000,924000000.000000,91908000000.000000,94153750000.000000,0.000000,13784000000.000000,204000000.000000,13580000000.000000,61776000000.000000,13405000000.000000,48371000000.000000,8350000000.000000,5431000000.000000,-1000000.000000,-69000000.000000,-4373000000.000000,-4440000000.000000,246000000.000000,261000000.000000,11082000000.000000,0.000000,6097000000.000000,6097000000.000000,6097000000.000000,-1020000000.000000,0.000000,0.152000,17166000000.000000,5681000000.000000,9272000000.000000,0.717000,2.138000,14.104000,14.103000,50056000000.000000,0.000000,25.950000,2.138000,2.138000,5685000000.000000,29728000000.000000,40222000000.000000,40222000000.000000,0.000000,0.061000,0.155000,0.100000,0.235000,-3000000.000000,9521000000.000000,1.000000,3313643143.000000,3314000000.000000,,12.137000,100361000000.000000,251000000.000000,2433000000.000000,16823000000.000000,30.284000
MRT,2004-12-31,2004-12-31,2004-12-31,2004-Q4,-10393000000.000000,85438216435.000000,2025-04-29,-550000000.000000,110265000000.000000,103273000000.000000,9962000000.000000,100303000000.000000,0.395000,12.217000,-5099000000.000000,760000000.000000,760000000.000000,17383000000.000000,5887000000.000000,0.489000,1.722000,26965000000.000000,5734000000.000000,21231000000.000000,26965000000.000000,0.000000,7564000000.000000,0.000000,0.049000,1.250000,9096000000.000000,16660000000.000000,0.408000,16660000000.000000,9096000000.000000,8073000000.000000,1.780000,1.770000,1.780000,40504000000.000000,39850750000.000000,40504000000.000000,90390216435.000000,10.000000,5.426000,5856000000.000000,1.766000,1.000000,23404000000.000000,0.574000,2054000000.000000,1023000000.000000,114061000000.000000,98296000000.000000,0.000000,35485000000.000000,0.000000,35485000000.000000,69761000000.000000,20355000000.000000,49406000000.000000,-4046000000.000000,-16112000000.000000,-232000000.000000,8978000000.000000,-4141000000.000000,4605000000.000000,-20747000000.000000,464000000.000000,10955000000.000000,0.000000,5887000000.000000,5887000000.000000,5887000000.000000,-908000000.000000,0.000000,0.144000,17503000000.000000,5901000000.000000,11459000000.000000,0.702000,2.109000,14.513000,14.478000,50046000000.000000,0.000000,25.770000,2.095000,2.095000,6901000000.000000,28806000000.000000,40787000000.000000,40787000000.000000,0.000000,0.057000,0.148000,0.093000,0.223000,0.000000,9939000000.000000,1.000000,3315413909.000000,3315413909.000000,,12.302000,108211000000.000000,566000000.000000,2186000000.000000,17596000000.000000,32.639000
MRT,2005-03-31,2005-03-31,2005-03-31,2005-Q1,-9577000000.000000,78258436981.000000,2025-04-29,-594000000.000000,106946000000.000000,104904750000.000000,8014000000.000000,98932000000.000000,0.389000,12.233000,-5213000000.000000,427000000.000000,427000000.000000,17566000000.000000,4824000000.000000,0.456000,1.647000,27112000000.000000,6175000000.000000,20937000000.000000,27112000000.000000,0.000000,7466000000.000000,0.000000,0.053000,1.260000,7590000000.000000,15056000000.000000,0.369000,15056000000.000000,7590000000.000000,6446000000.000000,1.460000,1.450000,1.460000,40404000000.000000,40099500000.000000,40404000000.000000,104463436981.000000,14.000000,6.938000,4995000000.000000,1.512000,1.000000,23223000000.000000,0.569000,1768000000.000000,1144000000.000000,114272000000.000000,102821500000.000000,0.000000,34851000000.000000,35000000.000000,34816000000.000000,66542000000.000000,17591000000.000000,48951000000.000000,-6654000000.000000,-17741000000.000000,-248000000.000000,9309000000.000000,-4173000000.000000,4893000000.000000,-22540000000.000000,414000000.000000,10208000000.000000,0.000000,4824000000.000000,4824000000.000000,4824000000.000000,-941000000.000000,0.000000,0.118000,17390000000.000000,5833000000.000000,9083000000.000000,0.863000,1.937000,16.223000,16.226000,49311000000.000000,0.000000,23.690000,1.919000,1.918000,5268000000.000000,29171000000.000000,40789000000.000000,40789000000.000000,0.000000,0.046000,0.120000,0.074000,0.186000,-5000000.000000,9924000000.000000,1.000000,3303437610.000000,3303000000.000000,,12.349000,105178000000.000000,552000000.000000,1622000000.000000,16829000000.000000,31.843000
MRT,2005-06-30,2005-06-30,2005-06-30,2005-Q2,-11104000000.000000,78448996094.000000,2025-04-29,-575000000.000000,105643000000.000000,106210000000.000000,7822000000.000000,97821000000.000000,0.385000,12.261000,-5290000000.000000,406000000.000000,406000000.000000,17675000000.000000,4656000000.000000,0.413000,1.609000,25106000000.000000,6890000000.000000,18216000000.000000,25106000000.000000,0.000000,7387000000.000000,0.000000,0.053000,1.270000,7505000000.000000,14892000000.000000,0.364000,14892000000.000000,7505000000.000000,6247000000.000000,1.410000,1.400000,1.410000,40486000000.000000,40401000000.000000,40486000000.000000,105133996094.000000,14.000000,7.060000,5009000000.000000,1.517000,1.000000,23235000000.000000,0.568000,1769000000.000000,1258000000.000000,109648000000.000000,107472250000.000000,0.000000,34182000000.000000,0.000000,34182000000.000000,65157000000.000000,18926000000.000000,46231000000.000000,-11180000000.000000,-20136000000.000000,-262000000.000000,7278000000.000000,-4202000000.000000,2819000000.000000,-25029000000.000000,397000000.000000,10299000000.000000,0.000000,4656000000.000000,4656000000.000000,4656000000.000000,-908000000.000000,0.000000,0.114000,17324000000.000000,5911000000.000000,9208000000.000000,0.901000,1.938000,16.849000,16.844000,48798000000.000000,0.000000,23.750000,1.918000,1.917000,5220000000.000000,29105000000.000000,40910000000.000000,40910000000.000000,0.000000,0.044000,0.115000,0.070000,0.183000,-5000000.000000,9937000000.000000,1.000000,3303115625.000000,3302000000.000000,,12.389000,103874000000.000000,545000000.000000,1591000000.000000,17096000000.000000,31.458000
MRT,2005-09-30,2005-09-30,2005-09-30,2005-Q3,-10194000000.000000,79195093300.000000,2025-04-29,-579000000.000000,104104000000.000000,106739500000.000000,8102000000.000000,96002000000.000000,0.383000,12.190000,-5380000000.000000,433000000.000000,433000000.000000,17720000000.000000,3808000000.000000,0.443000,1.591000,23208000000.000000,5386000000.000000,17822000000.000000,23208000000.000000,0.000000,7301000000.000000,0.000000,0.053000,1.280000,6756000000.000000,14057000000.000000,0.344000,14057000000.000000,6756000000.000000,5387000000.000000,1.160000,1.150000,1.160000,40179000000.000000,40393250000.000000,40179000000.000000,103895093300.000000,15.000000,7.391000,6423000000.000000,1.949000,1.000000,23202000000.000000,0.567000,1723000000.000000,1369000000.000000,106860000000.000000,111210250000.000000,0.000000,32945000000.000000,0.000000,32945000000.000000,63925000000.000000,18296000000.000000,45629000000.000000,-12857000000.000000,-18776000000.000000,-763000000.000000,4945000000.000000,-4232000000.000000,-47000000.000000,-23916000000.000000,240000000.000000,11803000000.000000,0.000000,3808000000.000000,3808000000.000000,3808000000.000000,-59000000.000000,0.000000,0.093000,17027000000.000000,6175000000.000000,9205000000.000000,1.103000,1.971000,20.797000,20.664000,48440000000.000000,0.000000,23.970000,1.935000,1.931000,5229000000.000000,28742000000.000000,40922000000.000000,40922000000.000000,0.000000,0.036000,0.094000,0.061000,0.165000,-3000000.000000,9726000000.000000,1.000000,3303925461.000000,3296000000.000000,,12.416000,102381000000.000000,555000000.000000,1579000000.000000,17757000000.000000,31.062000
MRT,2005-12-31,2005-12-31,2005-12-31,2005-Q4,-10764000000.000000,80358737316.000000,2025-04-29,-574000000.000000,145632000000.000000,115581250000.000000,14654000000.000000,130978000000.000000,0.379000,16.667000,-5576000000.000000,1224000000.000000,1224000000.000000,19173000000.000000,4786000000.000000,0.577000,1.663000,30570000000.000000,4455000000.000000,26115000000.000000,30570000000.000000,0.000000,7643000000.000000,0.000000,0.053000,1.290000,7174000000.000000,14817000000.000000,0.339000,14817000000.000000,7174000000.000000,5718000000.000000,1.420000,1.420000,1.420000,54690000000.000000,43939750000.000000,54690000000.000000,103133737316.000000,14.000000,6.961000,7398000000.000000,2.255000,1.000000,24591000000.000000,0.562000,22558000000.000000,1456000000.000000,127002000000.000000,114445500000.000000,0.000000,33435000000.000000,0.000000,33435000000.000000,90942000000.000000,25418000000.000000,65524000000.000000,464000000.000000,2030000000.000000,-1411000000.000000,-4828000000.000000,-4256000000.000000,-11226000000.000000,-974000000.000000,2572000000.000000,12974000000.000000,0.000000,4786000000.000000,4786000000.000000,4786000000.000000,0.000000,0.000000,0.109000,18423000000.000000,6168000000.000000,17088000000.000000,0.908000,1.469000,16.790000,17.246000,58727000000.000000,0.000000,24.490000,1.836000,1.836000,9351000000.000000,29106000000.000000,43764000000.000000,43764000000.000000,0.000000,0.041000,0.109000,0.063000,0.164000,-3000000.000000,10780000000.000000,1.000000,3281287763.000000,3281287763.000000,,13.337000,123074000000.000000,2011000000.000000,932000000.000000,18508000000.000000,37.508000
MRT,2006-03-31,2006-03-31,2006-03-31,2006-Q1,-10905000000.000000,104908704127.000000,2025-04-29,-568000000.000000,144437000000.000000,124954000000.000000,13850000000.000000,130587000000.000000,0.394000,14.191000,-6347000000.000000,1057000000.000000,1057000000.000000,22149000000.000000,5346000000.000000,0.559000,1.622000,31541000000.000000,5712000000.000000,25829000000.000000,31541000000.000000,0.000000,8310000000.000000,0.000000,0.048000,1.300000,8141000000.000000,16451000000.000000,0.334000,16451000000.000000,8141000000.000000,6574000000.000000,1.520000,1.520000,1.520000,55089000000.000000,47611000000.000000,55089000000.000000,134254704127.000000,16.000000,8.161000,7832000000.000000,2.018000,1.000000,27137000000.000000,0.551000,21616000000.000000,1567000000.000000,128550000000.000000,118015000000.000000,0.000000,34406000000.000000,0.000000,34406000000.000000,89348000000.000000,24755000000.000000,64593000000.000000,630000000.000000,796000000.000000,-1257000000.000000,-4007000000.000000,-4479000000.000000,-10469000000.000000,-3080000000.000000,2471000000.000000,14179000000.000000,0.000000,5346000000.000000,5346000000.000000,5346000000.000000,0.000000,0.000000,0.108000,20334000000.000000,6803000000.000000,15510000000.000000,0.855000,1.904000,19.624000,17.789000,58367000000.000000,0.000000,27.040000,2.129000,2.130000,8647000000.000000,29257000000.000000,49286000000.000000,49286000000.000000,0.000000,0.043000,0.112000,0.069000,0.165000,-8000000.000000,12024000000.000000,1.000000,3879759768.000000,3882000000.000000,,12.696000,122821000000.000000,1874000000.000000,1228000000.000000,17344000000.000000,31.639000
MRT,2006-06-30,2006-06-30,2006-06-30,2006-Q2,-9397000000.000000,108434761786.000000,2025-04-29,-582000000.000000,144350000000.000000,134630750000.000000,13635000000.000000,130715000000.000000,0.407000,14.274000,-7289000000.000000,1097000000.000000,1097000000.000000,24911000000.000000,6154000000.000000,0.592000,1.602000,30473000000.000000,3314000000.000000,27159000000.000000,30473000000.000000,0.000000,8987000000.000000,0.000000,0.047000,1.310000,9477000000.000000,18464000000.000000,0.337000,18464000000.000000,9477000000.000000,7787000000.000000,1.690000,1.680000,1.690000,55469000000.000000,51356750000.000000,55469000000.000000,138918761786.000000,15.000000,7.524000,7801000000.000000,2.007000,1.000000,29828000000.000000,0.545000,21411000000.000000,1690000000.000000,129283000000.000000,122923750000.000000,0.000000,34803000000.000000,0.000000,34803000000.000000,88881000000.000000,23032000000.000000,65849000000.000000,691000000.000000,874000000.000000,-1386000000.000000,-2938000000.000000,-4707000000.000000,-9711000000.000000,-4688000000.000000,1720000000.000000,15090000000.000000,0.000000,6154000000.000000,6154000000.000000,6154000000.000000,0.000000,0.000000,0.112000,21939000000.000000,7889000000.000000,15472000000.000000,0.775000,1.955000,17.620000,16.503000,58351000000.000000,0.000000,27.890000,1.981000,1.980000,8484000000.000000,29771000000.000000,54739000000.000000,54739000000.000000,0.000000,0.046000,0.120000,0.077000,0.173000,-5000000.000000,12952000000.000000,1.000000,3887944130.000000,3886000000.000000,,14.086000,122939000000.000000,1876000000.000000,1633000000.000000,18036000000.000000,31.636000
MRT,2006-09-30,2006-09-30,2006-09-30,2006-Q3,-10393000000.000000,126468407093.000000,2025-04-29,-566000000.000000,143892000000.000000,144577750000.000000,13512000000.000000,130380000000.000000,0.416000,14.304000,-7991000000.000000,1251000000.000000,1251000000.000000,27470000000.000000,7073000000.000000,0.565000,1.597000,31512000000.000000,4713000000.000000,26799000000.000000,31512000000.000000,0.000000,9621000000.000000,0.000000,0.041000,1.320000,10959000000.000000,20580000000.000000,0.343000,20580000000.000000,10959000000.000000,9176000000.000000,1.870000,1.860000,1.870000,55401000000.000000,55162250000.000000,55401000000.000000,155844407093.000000,14.000000,7.573000,7193000000.000000,1.857000,1.000000,32603000000.000000,0.543000,21113000000.000000,1783000000.000000,129135000000.000000,128492500000.000000,0.000000,35251000000.000000,0.000000,35251000000.000000,88491000000.000000,23905000000.000000,64586000000.000000,818000000.000000,-573000000.000000,-1927000000.000000,-104000000.000000,-4933000000.000000,-7614000000.000000,-6752000000.000000,1804000000.000000,15184000000.000000,0.000000,7073000000.000000,7073000000.000000,7073000000.000000,0.000000,0.000000,0.118000,23759000000.000000,8844000000.000000,14789000000.000000,0.706000,2.283000,17.880000,17.412000,57651000000.000000,0.000000,32.560000,2.105000,2.099000,8668000000.000000,30653000000.000000,60073000000.000000,60073000000.000000,0.000000,0.049000,0.128000,0.085000,0.182000,-10000000.000000,14138000000.000000,1.000000,3884164837.000000,3873000000.000000,,15.511000,122779000000.000000,1598000000.000000,2103000000.000000,17678000000.000000,31.701000
MRT,2006-12-31,2006-12-31,2006-12-31,2006-Q4,-14929000000.000000,137383753436.000000,2025-04-29,-5314000000.000000,270634000000.000000,175828250000.000000,25553000000.000000,245081000000.000000,0.359000,30.066000,-8320000000.000000,2418000000.000000,2418000000.000000,28854000000.000000,7356000000.000000,0.631000,1.342000,59796000000.000000,9733000000.000000,50063000000.000000,59796000000.000000,3402000000.000000,9907000000.000000,0.000000,0.037000,1.330000,12724000000.000000,22631000000.000000,0.359000,22631000000.000000,12724000000.000000,10881000000.000000,1.890000,1.890000,1.890000,115540000000.000000,70374750000.000000,115540000000.000000,167644753436.000000,13.000000,7.408000,7368000000.000000,1.917000,1.000000,34201000000.000000,0.542000,127397000000.000000,1843000000.000000,160133000000.000000,136775250000.000000,0.000000,1995000000.000000,0.000000,1995000000.000000,155094000000.000000,40482000000.000000,114612000000.000000,1194000000.000000,1124000000.000000,-2089000000.000000,898000000.000000,-5153000000.000000,-6128000000.000000,-8366000000.000000,-1104000000.000000,15688000000.000000,0.000000,7356000000.000000,7356000000.000000,7356000000.000000,0.000000,0.000000,0.117000,23913000000.000000,10288000000.000000,22106000000.000000,0.704000,1.189000,18.676000,18.915000,94596000000.000000,0.000000,35.750000,2.179000,2.179000,16194000000.000000,30375000000.000000,63055000000.000000,63055000000.000000,0.000000,0.042000,0.105000,0.093000,0.202000,-18000000.000000,14006000000.000000,1.000000,3842902194.000000,3842902194.000000,,16.408000,143237000000.000000,3034000000.000000,3525000000.000000,30613000000.000000,37.273000
MRT,2007-03-31,2007-03-31,2007-03-31,2007-Q1,-10053000000.000000,246206533294.000000,2025-04-29,-5186000000.000000,268276000000.000000,206788000000.000000,24693000000.000000,243583000000.000000,0.369000,18.317000,-9837000000.000000,2364000000.000000,2364000000.000000,32742000000.000000,8759000000.000000,0.711000,1.353000,62586000000.000000,7119000000.000000,55467000000.000000,62586000000.000000,3766000000.000000,13031000000.000000,0.000000,0.034000,1.353000,15444000000.000000,28475000000.000000,0.373000,28475000000.000000,15444000000.000000,13192000000.000000,1.980000,1.970000,1.980000,114006000000.000000,85104000000.000000,114006000000.000000,303584533294.000000,20.000000,10.661000,8041000000.000000,1.292000,1.000000,43526000000.000000,0.571000,127022000000.000000,2252000000.000000,166730000000.000000,146320250000.000000,0.000000,2110000000.000000,0.000000,2110000000.000000,154270000000.000000,34746000000.000000,119524000000.000000,1307000000.000000,1869000000.000000,-4608000000.000000,2596000000.000000,-6082000000.000000,-7923000000.000000,-8648000000.000000,-586000000.000000,17878000000.000000,0.000000,8759000000.000000,8759000000.000000,8759000000.000000,0.000000,0.000000,0.115000,30765000000.000000,12761000000.000000,17949000000.000000,0.683000,2.160000,28.109000,19.914000,93592000000.000000,0.000000,39.430000,3.228000,3.218000,15580000000.000000,30972000000.000000,76268000000.000000,76268000000.000000,0.000000,0.042000,0.103000,0.106000,0.202000,-57000000.000000,17734000000.000000,1.000000,6244142361.000000,6224000000.000000,,12.254000,141254000000.000000,2571000000.000000,4433000000.000000,24881000000.000000,22.695000
MRT,2007-06-30,2007-06-30,2007-06-30,2007-Q2,-14146000000.000000,255870584375.000000,2025-04-29,-5066000000.000000,267346000000.000000,237537000000.000000,24393000000.000000,242953000000.000000,0.379000,18.171000,-11738000000.000000,2570000000.000000,2570000000.000000,37237000000.000000,9855000000.000000,0.633000,1.394000,61671000000.000000,7701000000.000000,53970000000.000000,61671000000.000000,3567000000.000000,15961000000.000000,0.000000,0.033000,1.375000,17556000000.000000,33517000000.000000,0.373000,33517000000.000000,17556000000.000000,14897000000.000000,1.980000,1.980000,1.980000,111661000000.000000,99152000000.000000,111661000000.000000,316092584375.000000,18.000000,9.431000,11876000000.000000,1.933000,1.000000,52739000000.000000,0.586000,125189000000.000000,2659000000.000000,162719000000.000000,154679250000.000000,0.000000,2342000000.000000,0.000000,2342000000.000000,155685000000.000000,38539000000.000000,117146000000.000000,1473000000.000000,1483000000.000000,-7829000000.000000,2793000000.000000,-6986000000.000000,-11874000000.000000,-10267000000.000000,122000000.000000,23614000000.000000,0.000000,9855000000.000000,9855000000.000000,9855000000.000000,0.000000,0.000000,0.110000,37638000000.000000,15101000000.000000,19171000000.000000,0.694000,2.291000,25.964000,20.960000,94055000000.000000,0.000000,41.500000,2.844000,2.834000,15368000000.000000,31706000000.000000,89976000000.000000,89976000000.000000,0.000000,0.041000,0.099000,0.113000,0.195000,-120000000.000000,21677000000.000000,1.000000,6165556250.000000,6145000000.000000,,14.642000,142157000000.000000,2360000000.000000,5042000000.000000,26573000000.000000,23.134000
MRT,2007-09-30,2007-09-30,2007-09-30,2007-Q3,-12631000000.000000,258047462587.000000,2025-04-29,-5050000000.000000,267968000000.000000,268556000000.000000,25543000000.000000,242425000000.000000,0.389000,18.261000,-14286000000.000000,2714000000.000000,2714000000.000000,42050000000.000000,10753000000.000000,0.669000,1.410000,60611000000.000000,6026000000.000000,54585000000.000000,60611000000.000000,3471000000.000000,18846000000.000000,0.000000,0.033000,1.397000,19330000000.000000,38176000000.000000,0.365000,38176000000.000000,19330000000.000000,16226000000.000000,1.920000,1.920000,1.920000,111174000000.000000,113095250000.000000,111174000000.000000,317148462587.000000,16.000000,8.308000,15154000000.000000,2.489000,1.000000,62420000000.000000,0.597000,123896000000.000000,3104000000.000000,163795000000.000000,163344250000.000000,0.000000,2403000000.000000,0.000000,2403000000.000000,156794000000.000000,38174000000.000000,118620000000.000000,1463000000.000000,1927000000.000000,-8369000000.000000,564000000.000000,-7864000000.000000,-15560000000.000000,-12417000000.000000,113000000.000000,29440000000.000000,0.000000,10753000000.000000,10753000000.000000,10753000000.000000,0.000000,0.000000,0.103000,44932000000.000000,17488000000.000000,20239000000.000000,0.728000,2.321000,23.998000,22.036000,94446000000.000000,0.000000,42.310000,2.470000,2.466000,16305000000.000000,32606000000.000000,104470000000.000000,104470000000.000000,0.000000,0.040000,0.095000,0.118000,0.185000,-157000000.000000,26086000000.000000,1.000000,6098970990.000000,6088000000.000000,,17.160000,144072000000.000000,2433000000.000000,5473000000.000000,29035000000.000000,23.665000
MRT,2007-12-31,2007-12-31,2007-12-31,2007-Q4,-14588000000.000000,252051376060.000000,2025-04-29,-380000000.000000,275644000000.000000,269808500000.000000,24686000000.000000,250958000000.000000,0.441000,19.023000,-17717000000.000000,1970000000.000000,1970000000.000000,46801000000.000000,12147000000.000000,0.629000,1.389000,64115000000.000000,6860000000.000000,57255000000.000000,64115000000.000000,3571000000.000000,21577000000.000000,0.000000,0.034000,1.420000,21710000000.000000,43287000000.000000,0.364000,43287000000.000000,21710000000.000000,18203000000.000000,1.950000,1.940000,1.950000,115367000000.000000,113052000000.000000,115367000000.000000,309948376060.000000,14.000000,7.160000,16525000000.000000,2.725000,1.000000,72127000000.000000,0.606000,129115000000.000000,3507000000.000000,169400000000.000000,165661000000.000000,0.000000,2270000000.000000,0.000000,2270000000.000000,160277000000.000000,39274000000.000000,121003000000.000000,-448000000.000000,-1279000000.000000,-8404000000.000000,1184000000.000000,-8743000000.000000,-16014000000.000000,-18676000000.000000,455000000.000000,34242000000.000000,0.000000,11951000000.000000,11951000000.000000,11951000000.000000,0.000000,196000000.000000,0.100000,51723000000.000000,20404000000.000000,21399000000.000000,0.728000,2.185000,21.090000,21.313000,95890000000.000000,0.000000,41.560000,2.119000,2.119000,16185000000.000000,33297000000.000000,118928000000.000000,118928000000.000000,0.000000,0.044000,0.106000,0.131000,0.183000,-173000000.000000,30146000000.000000,1.000000,6064758808.000000,6064758808.000000,,19.610000,146529000000.000000,2044000000.000000,6252000000.000000,29966000000.000000,24.161000
MRT,2008-03-31,2008-03-31,2008-03-31,2008-Q1,-18183000000.000000,231168284582.000000,2025-04-29,-556000000.000000,278199000000.000000,272289250000.000000,23946000000.000000,254253000000.000000,0.443000,18.719000,-18557000000.000000,1963000000.000000,1963000000.000000,47374000000.000000,12818000000.000000,0.568000,1.478000,73490000000.000000,13301000000.000000,60189000000.000000,73490000000.000000,3677000000.000000,20864000000.000000,0.000000,0.038000,1.465000,22625000000.000000,43489000000.000000,0.360000,43489000000.000000,22625000000.000000,19126000000.000000,2.070000,2.060000,2.070000,112258000000.000000,112615000000.000000,112258000000.000000,293313284582.000000,13.000000,6.745000,15994000000.000000,2.667000,1.000000,73329000000.000000,0.608000,131095000000.000000,3499000000.000000,176502000000.000000,168104000000.000000,0.000000,2578000000.000000,0.000000,2578000000.000000,165941000000.000000,42129000000.000000,123812000000.000000,-401000000.000000,-4905000000.000000,-10054000000.000000,7621000000.000000,-8947000000.000000,-11414000000.000000,-23538000000.000000,68000000.000000,34551000000.000000,0.000000,12564000000.000000,12564000000.000000,12564000000.000000,0.000000,254000000.000000,0.104000,51609000000.000000,21720000000.000000,18590000000.000000,0.708000,2.059000,18.399000,18.502000,96238000000.000000,0.000000,38.300000,1.915000,1.903000,15697000000.000000,34311000000.000000,120703000000.000000,120703000000.000000,0.000000,0.046000,0.112000,0.135000,0.187000,-133000000.000000,30745000000.000000,1.000000,6035725446.000000,5997000000.000000,,20.127000,147104000000.000000,1934000000.000000,6562000000.000000,29389000000.000000,24.530000
MRT,2008-06-30,2008-06-30,2008-06-30,2008-Q2,-21886000000.000000,200152290000.000000,2025-04-29,-504000000.000000,284508000000.000000,276579750000.000000,23225000000.000000,261283000000.000000,0.441000,18.889000,-19577000000.000000,1631000000.000000,1631000000.000000,47613000000.000000,13757000000.000000,0.515000,1.542000,80147000000.000000,16472000000.000000,63675000000.000000,80147000000.000000,3573000000.000000,20406000000.000000,0.000000,0.045000,1.510000,24081000000.000000,44487000000.000000,0.364000,44487000000.000000,24081000000.000000,20607000000.000000,2.240000,2.220000,2.240000,111937000000.000000,112684000000.000000,111937000000.000000,271679290000.000000,11.000000,6.107000,13091000000.000000,2.209000,1.000000,74478000000.000000,0.610000,136711000000.000000,3474000000.000000,181202000000.000000,172724750000.000000,0.000000,2838000000.000000,0.000000,2838000000.000000,172571000000.000000,45111000000.000000,127460000000.000000,-939000000.000000,-11042000000.000000,-8519000000.000000,15227000000.000000,-9131000000.000000,-2571000000.000000,-31036000000.000000,-127000000.000000,32668000000.000000,0.000000,13432000000.000000,13432000000.000000,13432000000.000000,0.000000,325000000.000000,0.110000,51135000000.000000,23343000000.000000,18927000000.000000,0.674000,1.788000,14.901000,15.040000,97368000000.000000,0.000000,33.690000,1.639000,1.635000,15971000000.000000,35719000000.000000,122091000000.000000,122091000000.000000,0.000000,0.049000,0.119000,0.139000,0.197000,-80000000.000000,30729000000.000000,1.000000,5941000000.000000,5926000000.000000,,20.603000,147797000000.000000,1407000000.000000,7175000000.000000,28918000000.000000,24.940000
MRT,2008-09-30,2008-09-30,2008-09-30,2008-Q3,-21893000000.000000,164532560000.000000,2025-04-29,-862000000.000000,284528000000.000000,280719750000.000000,23445000000.000000,261083000000.000000,0.439000,19.094000,-19981000000.000000,1594000000.000000,1594000000.000000,48899000000.000000,13983000000.000000,0.517000,1.529000,76774000000.000000,17419000000.000000,59355000000.000000,76774000000.000000,3896000000.000000,20062000000.000000,0.000000,0.056000,1.555000,24425000000.000000,44487000000.000000,0.361000,44487000000.000000,24425000000.000000,20980000000.000000,2.290000,2.270000,2.290000,112518000000.000000,113020000000.000000,112518000000.000000,243048560000.000000,10.000000,5.463000,12689000000.000000,2.153000,1.000000,74402000000.000000,0.603000,135779000000.000000,3445000000.000000,178591000000.000000,176423750000.000000,0.000000,2839000000.000000,0.000000,2839000000.000000,172010000000.000000,45338000000.000000,126672000000.000000,-1120000000.000000,-10681000000.000000,-6988000000.000000,13542000000.000000,-9309000000.000000,-2872000000.000000,-30918000000.000000,204000000.000000,32670000000.000000,0.000000,13599000000.000000,13599000000.000000,13599000000.000000,0.000000,384000000.000000,0.110000,50745000000.000000,23657000000.000000,18690000000.000000,0.679000,1.462000,12.099000,12.192000,97771000000.000000,0.000000,27.920000,1.334000,1.334000,16395000000.000000,36613000000.000000,123301000000.000000,123301000000.000000,0.000000,0.048000,0.120000,0.138000,0.198000,-39000000.000000,30683000000.000000,1.000000,5893000000.000000,5893000000.000000,,20.923000,148749000000.000000,1560000000.000000,7381000000.000000,30752000000.000000,25.242000
MRT,2008-12-31,2008-12-31,2008-12-31,2008-Q4,-19734000000.000000,167950500000.000000,2025-04-29,-17057000000.000000,265245000000.000000,278120000000.000000,22556000000.000000,242689000000.000000,0.444000,16.349000,-19631000000.000000,1792000000.000000,1792000000.000000,56688000000.000000,-2364000000.000000,0.533000,1.749000,74991000000.000000,14119000000.000000,60872000000.000000,74991000000.000000,3849000000.000000,19673000000.000000,0.000000,0.056000,1.600000,-1466000000.000000,18207000000.000000,0.147000,18207000000.000000,-1466000000.000000,-4835000000.000000,-0.440000,-0.440000,-0.440000,96347000000.000000,108265000000.000000,96347000000.000000,243130500000.000000,-166.000000,13.354000,13979000000.000000,2.372000,1.000000,66755000000.000000,0.541000,135541000000.000000,3369000000.000000,160613000000.000000,174227000000.000000,0.000000,2332000000.000000,0.000000,2332000000.000000,168495000000.000000,42290000000.000000,126205000000.000000,-178000000.000000,-9357000000.000000,-5758000000.000000,10424000000.000000,-9507000000.000000,-4690000000.000000,-29098000000.000000,504000000.000000,33610000000.000000,0.000000,-2625000000.000000,-2625000000.000000,-2625000000.000000,2000000.000000,261000000.000000,-0.021000,68445000000.000000,-1690000000.000000,20032000000.000000,-3.636000,1.743000,-63.981000,-64.773000,99088000000.000000,0.000000,28.500000,1.361000,1.361000,16047000000.000000,36591000000.000000,123443000000.000000,123443000000.000000,0.000000,-0.009000,-0.024000,-0.008000,-0.012000,0.000000,48772000000.000000,1.000000,5893000000.000000,5893000000.000000,,20.947000,129704000000.000000,1014000000.000000,-2210000000.000000,21070000000.000000,22.010000
MRT,2009-03-31,2009-03-31,2009-03-31,2009-Q1,-13511000000.000000,148511341717.000000,2025-04-29,-16855000000.000000,264358000000.000000,274659750000.000000,23521000000.000000,240837000000.000000,0.449000,16.501000,-18626000000.000000,3812000000.000000,3812000000.000000,56888000000.000000,-2682000000.000000,0.635000,1.713000,74350000000.000000,10790000000.000000,63560000000.000000,74350000000.000000,4065000000.000000,19656000000.000000,0.000000,0.064000,1.610000,-1938000000.000000,17718000000.000000,0.144000,17718000000.000000,-1938000000.000000,-5291000000.000000,-0.480000,-0.480000,-0.480000,97291000000.000000,104523250000.000000,97291000000.000000,221710341717.000000,-114.000000,12.513000,17942000000.000000,3.043000,1.000000,66382000000.000000,0.539000,134557000000.000000,3353000000.000000,163307000000.000000,170928250000.000000,0.000000,2413000000.000000,0.000000,2413000000.000000,166663000000.000000,37032000000.000000,129631000000.000000,1849000000.000000,-5561000000.000000,-1789000000.000000,1559000000.000000,-9501000000.000000,-10163000000.000000,-24556000000.000000,388000000.000000,36568000000.000000,0.000000,-2960000000.000000,-2960000000.000000,-2960000000.000000,2000000.000000,278000000.000000,-0.024000,68315000000.000000,-1933000000.000000,17359000000.000000,-3.354000,1.526000,-50.173000,-52.500000,98339000000.000000,0.000000,25.200000,1.205000,1.205000,14965000000.000000,37296000000.000000,123270000000.000000,123270000000.000000,0.000000,-0.011000,-0.028000,-0.011000,-0.016000,7000000.000000,48659000000.000000,1.000000,5893307211.000000,5896000000.000000,,20.907000,129801000000.000000,957000000.000000,-2331000000.000000,21775000000.000000,22.015000
MRT,2009-06-30,2009-06-30,2009-06-30,2009-Q2,-9279000000.000000,146556000000.000000,2025-04-29,-16308000000.000000,267918000000.000000,270512250000.000000,26940000000.000000,240978000000.000000,0.455000,16.713000,-17328000000.000000,7348000000.000000,7348000000.000000,57548000000.000000,-3249000000.000000,0.744000,1.713000,76720000000.000000,10155000000.000000,66565000000.000000,76720000000.000000,3932000000.000000,19545000000.000000,0.000000,0.065000,1.620000,-2989000000.000000,16556000000.000000,0.135000,16556000000.000000,-2989000000.000000,-6364000000.000000,-0.580000,-0.570000,-0.580000,98609000000.000000,101191250000.000000,98609000000.000000,217094000000.000000,-73.000000,13.113000,18549000000.000000,3.144000,1.000000,65470000000.000000,0.532000,133820000000.000000,3375000000.000000,167251000000.000000,167440500000.000000,0.000000,2749000000.000000,0.000000,2749000000.000000,168906000000.000000,36219000000.000000,132687000000.000000,5709000000.000000,251000000.000000,13000000.000000,-3275000000.000000,-9539000000.000000,-12920000000.000000,-17248000000.000000,581000000.000000,35877000000.000000,0.000000,-3534000000.000000,-3534000000.000000,-3534000000.000000,-1000000.000000,285000000.000000,-0.029000,68470000000.000000,-3000000000.000000,18046000000.000000,-2.793000,1.486000,-41.470000,-42.828000,98229000000.000000,0.000000,24.840000,1.191000,1.191000,14846000000.000000,38069000000.000000,123018000000.000000,123018000000.000000,0.000000,-0.013000,-0.035000,-0.018000,-0.024000,14000000.000000,48897000000.000000,1.000000,5900000000.000000,5900000000.000000,,20.851000,134098000000.000000,964000000.000000,-2830000000.000000,22021000000.000000,22.728000
MRT,2009-09-30,2009-09-30,2009-09-30,2009-Q3,-7347000000.000000,159359000000.000000,2025-04-29,-16161000000.000000,266568000000.000000,266022250000.000000,25921000000.000000,240647000000.000000,0.460000,16.874000,-16277000000.000000,6167000000.000000,6167000000.000000,57433000000.000000,-3263000000.000000,0.779000,1.673000,72664000000.000000,6755000000.000000,65909000000.000000,72664000000.000000,4036000000.000000,19448000000.000000,0.000000,0.060000,1.630000,-3276000000.000000,16172000000.000000,0.132000,16172000000.000000,-3276000000.000000,-6644000000.000000,-0.590000,-0.580000,-0.590000,99573000000.000000,97955000000.000000,99573000000.000000,228731000000.000000,-70.000000,14.144000,20004000000.000000,3.390000,1.000000,64977000000.000000,0.531000,133143000000.000000,3368000000.000000,166654000000.000000,164456250000.000000,0.000000,2813000000.000000,0.000000,2813000000.000000,166567000000.000000,33268000000.000000,133299000000.000000,4569000000.000000,-694000000.000000,10000000.000000,-4471000000.000000,-9609000000.000000,-14197000000.000000,-17515000000.000000,182000000.000000,36281000000.000000,0.000000,-3572000000.000000,-3572000000.000000,-3572000000.000000,-8000000.000000,309000000.000000,-0.029000,68223000000.000000,-3246000000.000000,18093000000.000000,-2.763000,1.600000,-44.613000,-45.780000,98321000000.000000,0.000000,27.010000,1.302000,1.302000,14796000000.000000,38841000000.000000,122410000000.000000,122410000000.000000,0.000000,-0.013000,-0.036000,-0.020000,-0.027000,15000000.000000,48747000000.000000,1.000000,5900000000.000000,5901000000.000000,,20.744000,133425000000.000000,991000000.000000,-3072000000.000000,24244000000.000000,22.611000
MRT,2009-12-31,2009-12-31,2009-12-31,2009-Q4,-11764000000.000000,165405030000.000000,2025-04-29,2678000000.000000,268312000000.000000,266789000000.000000,25187000000.000000,243125000000.000000,0.459000,17.211000,-16554000000.000000,3741000000.000000,3741000000.000000,50639000000.000000,12447000000.000000,0.682000,1.638000,72081000000.000000,7361000000.000000,64720000000.000000,72081000000.000000,4170000000.000000,19515000000.000000,0.000000,0.059000,1.640000,21597000000.000000,41112000000.000000,0.336000,41112000000.000000,21597000000.000000,18229000000.000000,2.060000,2.050000,2.060000,101564000000.000000,99259250000.000000,101564000000.000000,231902030000.000000,11.000000,5.641000,17851000000.000000,3.025000,1.000000,71874000000.000000,0.587000,134410000000.000000,3368000000.000000,165291000000.000000,165625750000.000000,0.000000,2921000000.000000,0.000000,2921000000.000000,166323000000.000000,36951000000.000000,129372000000.000000,2014000000.000000,-696000000.000000,28000000.000000,-4401000000.000000,-9670000000.000000,-14508000000.000000,-17883000000.000000,55000000.000000,34405000000.000000,0.000000,12138000000.000000,12138000000.000000,12138000000.000000,-20000000.000000,309000000.000000,0.099000,50874000000.000000,21000000000.000000,21260000000.000000,0.796000,1.629000,13.627000,13.607000,99519000000.000000,0.000000,28.030000,1.350000,1.350000,14845000000.000000,21944000000.000000,122513000000.000000,122513000000.000000,0.000000,0.045000,0.122000,0.130000,0.176000,0.000000,31359000000.000000,1.000000,5901000000.000000,5901000000.000000,,20.761000,133902000000.000000,1247000000.000000,6091000000.000000,25260000000.000000,22.691000
MRT,2010-03-31,2010-03-31,2010-03-31,2010-Q1,-14344000000.000000,152509603478.000000,2025-04-29,-14265000000.000000,265701000000.000000,267124750000.000000,22362000000.000000,243339000000.000000,0.459000,17.277000,-16529000000.000000,2617000000.000000,2617000000.000000,50821000000.000000,11786000000.000000,0.609000,1.600000,69461000000.000000,9437000000.000000,60024000000.000000,69461000000.000000,4061000000.000000,19409000000.000000,0.000000,0.064000,1.650000,21895000000.000000,41304000000.000000,0.337000,41304000000.000000,21895000000.000000,18608000000.000000,1.950000,1.930000,1.950000,102023000000.000000,100442250000.000000,102023000000.000000,220788603478.000000,10.000000,5.345000,17199000000.000000,2.913000,1.000000,71765000000.000000,0.585000,134384000000.000000,3287000000.000000,161455000000.000000,165162750000.000000,0.000000,3278000000.000000,0.000000,3278000000.000000,163235000000.000000,36706000000.000000,126529000000.000000,-1199000000.000000,-1054000000.000000,30000000.000000,-6870000000.000000,-9733000000.000000,-16679000000.000000,-18248000000.000000,20000000.000000,33728000000.000000,0.000000,11465000000.000000,11465000000.000000,11465000000.000000,-26000000.000000,321000000.000000,0.094000,50534000000.000000,21231000000.000000,18087000000.000000,0.846000,1.495000,13.302000,13.251000,99360000000.000000,0.000000,25.840000,1.244000,1.245000,14167000000.000000,39373000000.000000,122586000000.000000,122586000000.000000,0.000000,0.043000,0.114000,0.133000,0.179000,0.000000,31097000000.000000,1.000000,5902074438.000000,5905000000.000000,,20.760000,131317000000.000000,1293000000.000000,7143000000.000000,28159000000.000000,22.238000
MRT,2010-06-30,2010-06-30,2010-06-30,2010-Q2,-14790000000.000000,142938710000.000000,2025-04-29,-14852000000.000000,267556000000.000000,267034250000.000000,21392000000.000000,246164000000.000000,0.460000,17.439000,-17393000000.000000,1377000000.000000,1377000000.000000,50716000000.000000,12592000000.000000,0.591000,1.592000,69998000000.000000,9721000000.000000,60277000000.000000,69998000000.000000,3943000000.000000,19381000000.000000,0.000000,0.069000,1.660000,23126000000.000000,42507000000.000000,0.346000,42507000000.000000,23126000000.000000,19961000000.000000,2.090000,2.060000,2.090000,103046000000.000000,101551500000.000000,103046000000.000000,209782710000.000000,9.000000,4.935000,17051000000.000000,2.886000,1.000000,72064000000.000000,0.587000,135027000000.000000,3165000000.000000,164968000000.000000,164592000000.000000,0.000000,4346000000.000000,0.000000,4346000000.000000,164073000000.000000,36182000000.000000,127891000000.000000,-5898000000.000000,-3380000000.000000,29000000.000000,-7992000000.000000,-9796000000.000000,-18377000000.000000,-21965000000.000000,-494000000.000000,34444000000.000000,0.000000,12270000000.000000,12270000000.000000,12270000000.000000,-18000000.000000,322000000.000000,0.100000,50250000000.000000,21814000000.000000,18157000000.000000,0.794000,1.387000,11.649000,11.574000,100302000000.000000,0.000000,24.190000,1.164000,1.164000,13780000000.000000,40909000000.000000,122780000000.000000,122780000000.000000,0.000000,0.046000,0.121000,0.141000,0.188000,0.000000,30869000000.000000,1.000000,5909000000.000000,5909000000.000000,,20.778000,132529000000.000000,1225000000.000000,7691000000.000000,27494000000.000000,22.428000
MRT,2010-09-30,2010-09-30,2010-09-30,2010-Q3,-10697000000.000000,168997400000.000000,2025-04-29,-14888000000.000000,269252000000.000000,267705250000.000000,21977000000.000000,247275000000.000000,0.462000,19.122000,-18690000000.000000,3246000000.000000,3246000000.000000,51414000000.000000,21713000000.000000,0.673000,1.380000,68966000000.000000,6426000000.000000,62540000000.000000,68966000000.000000,3933000000.000000,19373000000.000000,0.000000,0.058000,1.670000,24095000000.000000,43468000000.000000,0.352000,43468000000.000000,24095000000.000000,21052000000.000000,3.630000,3.590000,3.630000,112994000000.000000,104906750000.000000,112994000000.000000,237618400000.000000,10.000000,5.467000,15621000000.000000,2.644000,1.000000,72213000000.000000,0.584000,134454000000.000000,3043000000.000000,167844000000.000000,164889500000.000000,0.000000,4544000000.000000,0.000000,4544000000.000000,155959000000.000000,32674000000.000000,123285000000.000000,-2852000000.000000,-1511000000.000000,44000000.000000,-5553000000.000000,-9854000000.000000,-15860000000.000000,-21303000000.000000,-393000000.000000,34311000000.000000,0.000000,21397000000.000000,21397000000.000000,21397000000.000000,-791000000.000000,316000000.000000,0.173000,50340000000.000000,21873000000.000000,18417000000.000000,0.460000,1.496000,7.898000,7.879000,101475000000.000000,0.000000,28.600000,1.367000,1.367000,13606000000.000000,50751000000.000000,123627000000.000000,123627000000.000000,0.000000,0.080000,0.204000,0.146000,0.195000,0.000000,30967000000.000000,1.000000,5909000000.000000,5909000000.000000,,20.922000,134798000000.000000,1059000000.000000,-345000000.000000,22067000000.000000,22.812000
MRT,2010-12-31,2010-12-31,2010-12-31,2010-Q4,-14000000000.000000,173635800000.000000,2025-04-29,2712000000.000000,269391000000.000000,267975000000.000000,20854000000.000000,248537000000.000000,0.464000,18.891000,-19530000000.000000,1437000000.000000,1437000000.000000,50257000000.000000,20179000000.000000,0.598000,1.410000,66167000000.000000,7196000000.000000,58971000000.000000,66167000000.000000,4086000000.000000,19379000000.000000,0.000000,0.057000,1.680000,21696000000.000000,41075000000.000000,0.331000,41075000000.000000,21696000000.000000,18702000000.000000,3.360000,3.350000,3.360000,111647000000.000000,107427500000.000000,111647000000.000000,239355800000.000000,11.000000,5.827000,15692000000.000000,2.655000,1.000000,74023000000.000000,0.596000,134121000000.000000,2994000000.000000,165146000000.000000,164853250000.000000,0.000000,4515000000.000000,0.000000,4515000000.000000,157441000000.000000,34854000000.000000,122587000000.000000,-2076000000.000000,-1076000000.000000,50000000.000000,-5467000000.000000,-9916000000.000000,-15849000000.000000,-21449000000.000000,-100000000.000000,35222000000.000000,0.000000,19864000000.000000,19864000000.000000,19864000000.000000,-779000000.000000,315000000.000000,0.160000,54450000000.000000,19573000000.000000,20055000000.000000,0.500000,1.555000,8.741000,8.744000,103196000000.000000,0.000000,29.380000,1.397000,1.397000,13610000000.000000,31792000000.000000,124280000000.000000,124280000000.000000,0.000000,0.074000,0.185000,0.132000,0.175000,0.000000,34986000000.000000,1.000000,5910000000.000000,5910000000.000000,,21.029000,135270000000.000000,1170000000.000000,-1162000000.000000,23045000000.000000,22.888000
MRT,2011-03-31,2011-03-31,2011-03-31,2011-Q1,-13517000000.000000,180948976986.000000,2025-04-29,2713000000.000000,268085000000.000000,268571000000.000000,19737000000.000000,248348000000.000000,0.465000,18.995000,-20515000000.000000,1391000000.000000,1391000000.000000,50687000000.000000,21107000000.000000,0.594000,1.379000,65028000000.000000,6902000000.000000,58126000000.000000,65028000000.000000,3959000000.000000,19183000000.000000,0.000000,0.055000,1.690000,21671000000.000000,40854000000.000000,0.327000,40854000000.000000,21671000000.000000,18596000000.000000,3.510000,3.500000,3.510000,112544000000.000000,110057750000.000000,112544000000.000000,245678976986.000000,11.000000,6.014000,15201000000.000000,2.566000,1.000000,74310000000.000000,0.594000,133575000000.000000,3075000000.000000,164893000000.000000,165712750000.000000,0.000000,4845000000.000000,0.000000,4845000000.000000,155242000000.000000,33254000000.000000,121988000000.000000,-929000000.000000,-942000000.000000,65000000.000000,-4578000000.000000,-9977000000.000000,-14643000000.000000,-22002000000.000000,47000000.000000,35716000000.000000,0.000000,20819000000.000000,20819000000.000000,20819000000.000000,-777000000.000000,288000000.000000,0.167000,54900000000.000000,19410000000.000000,18349000000.000000,0.481000,1.608000,8.692000,8.721000,103369000000.000000,0.000000,30.610000,1.448000,1.451000,13246000000.000000,32649000000.000000,124997000000.000000,124997000000.000000,0.000000,0.078000,0.189000,0.131000,0.173000,0.000000,35632000000.000000,1.000000,5911433420.000000,5925000000.000000,,21.097000,134510000000.000000,1157000000.000000,-2223000000.000000,24648000000.000000,22.702000
MRT,2011-06-30,2011-06-30,2011-06-30,2011-Q2,-11298000000.000000,186010020000.000000,2025-04-29,2720000000.000000,272014000000.000000,269685500000.000000,22239000000.000000,249775000000.000000,0.466000,19.185000,-21079000000.000000,3831000000.000000,3831000000.000000,50991000000.000000,20683000000.000000,0.663000,1.388000,66573000000.000000,7910000000.000000,58663000000.000000,66573000000.000000,3804000000.000000,18966000000.000000,0.000000,0.054000,1.700000,21086000000.000000,40052000000.000000,0.319000,40052000000.000000,21086000000.000000,17917000000.000000,3.430000,3.430000,3.430000,113803000000.000000,112747000000.000000,113803000000.000000,249647020000.000000,12.000000,6.233000,15089000000.000000,2.544000,1.000000,74693000000.000000,0.594000,133044000000.000000,3169000000.000000,168175000000.000000,166514500000.000000,0.000000,5207000000.000000,0.000000,5207000000.000000,157905000000.000000,33537000000.000000,124368000000.000000,2682000000.000000,1432000000.000000,244000000.000000,-3994000000.000000,-10038000000.000000,-13892000000.000000,-19594000000.000000,490000000.000000,36168000000.000000,0.000000,20407000000.000000,20407000000.000000,20407000000.000000,-782000000.000000,276000000.000000,0.162000,55201000000.000000,19492000000.000000,18145000000.000000,0.496000,1.634000,9.115000,9.157000,104606000000.000000,0.000000,31.410000,1.480000,1.482000,13608000000.000000,33687000000.000000,125684000000.000000,125684000000.000000,0.000000,0.076000,0.181000,0.127000,0.168000,0.000000,36150000000.000000,1.000000,5922000000.000000,5932000000.000000,,21.187000,138970000000.000000,1180000000.000000,-2490000000.000000,26195000000.000000,23.427000
MRT,2011-09-30,2011-09-30,2011-09-30,2011-Q3,-5426000000.000000,169009520000.000000,2025-04-29,1677000000.000000,277653000000.000000,271785750000.000000,28605000000.000000,249048000000.000000,0.462000,19.140000,-20985000000.000000,10762000000.000000,10762000000.000000,50042000000.000000,11973000000.000000,0.841000,1.441000,71226000000.000000,8900000000.000000,62326000000.000000,71226000000.000000,3794000000.000000,18711000000.000000,0.000000,0.060000,1.710000,21022000000.000000,39733000000.000000,0.316000,39733000000.000000,21022000000.000000,17693000000.000000,1.960000,1.970000,1.960000,113615000000.000000,112902250000.000000,113615000000.000000,231751520000.000000,11.000000,5.833000,16037000000.000000,2.702000,1.000000,75539000000.000000,0.602000,132565000000.000000,3329000000.000000,171521000000.000000,167433750000.000000,0.000000,4483000000.000000,0.000000,4483000000.000000,163771000000.000000,34031000000.000000,129740000000.000000,7744000000.000000,-636000000.000000,242000000.000000,2628000000.000000,-10107000000.000000,-7760000000.000000,-21518000000.000000,382000000.000000,37022000000.000000,0.000000,11711000000.000000,11711000000.000000,11711000000.000000,-2000000.000000,262000000.000000,0.093000,55243000000.000000,20296000000.000000,17860000000.000000,0.872000,1.488000,14.432000,14.551000,105786000000.000000,0.000000,28.520000,1.346000,1.348000,13377000000.000000,34758000000.000000,125581000000.000000,125581000000.000000,0.000000,0.043000,0.104000,0.126000,0.167000,0.000000,36447000000.000000,1.000000,5926000000.000000,5936000000.000000,,21.156000,145088000000.000000,1101000000.000000,5982000000.000000,27375000000.000000,24.442000
MRT,2011-12-31,2011-12-31,2011-12-31,2011-Q4,-7907000000.000000,179202240000.000000,2025-04-29,3180000000.000000,270442000000.000000,272048500000.000000,22985000000.000000,247457000000.000000,0.466000,17.809000,-20110000000.000000,3045000000.000000,3045000000.000000,54904000000.000000,4184000000.000000,0.744000,1.560000,64753000000.000000,3453000000.000000,61300000000.000000,64753000000.000000,3872000000.000000,18377000000.000000,0.000000,0.057000,1.720000,10011000000.000000,28388000000.000000,0.224000,28388000000.000000,10011000000.000000,6476000000.000000,0.660000,0.660000,0.660000,105534000000.000000,111374000000.000000,105534000000.000000,239666240000.000000,24.000000,8.443000,14633000000.000000,2.469000,1.000000,71819000000.000000,0.567000,130185000000.000000,3535000000.000000,171073000000.000000,168915500000.000000,0.000000,3718000000.000000,0.000000,3718000000.000000,164645000000.000000,30892000000.000000,133753000000.000000,1844000000.000000,-1067000000.000000,237000000.000000,-1291000000.000000,-10172000000.000000,-11649000000.000000,-21250000000.000000,62000000.000000,34743000000.000000,0.000000,3944000000.000000,3944000000.000000,3944000000.000000,0.000000,240000000.000000,0.031000,62601000000.000000,9218000000.000000,19956000000.000000,2.606000,1.698000,45.437000,45.818000,107087000000.000000,0.000000,30.240000,1.414000,1.414000,13231000000.000000,25453000000.000000,126723000000.000000,126723000000.000000,0.000000,0.014000,0.035000,0.059000,0.079000,0.000000,41314000000.000000,1.000000,5926000000.000000,5926000000.000000,,21.384000,140257000000.000000,1470000000.000000,2532000000.000000,26751000000.000000,23.668000
MRT,2012-03-31,2012-03-31,2012-03-31,2012-Q1,-11755000000.000000,185154914217.000000,2025-04-29,3386000000.000000,269356000000.000000,272366250000.000000,20765000000.000000,248591000000.000000,0.467000,17.725000,-20238000000.000000,2442000000.000000,2442000000.000000,54908000000.000000,4368000000.000000,0.639000,1.565000,65709000000.000000,6775000000.000000,58934000000.000000,65709000000.000000,3966000000.000000,18353000000.000000,0.000000,0.055000,1.730000,10263000000.000000,28616000000.000000,0.225000,28616000000.000000,10263000000.000000,6715000000.000000,0.680000,0.680000,0.680000,104899000000.000000,109462750000.000000,104899000000.000000,246722914217.000000,24.000000,8.622000,14618000000.000000,2.470000,1.000000,72390000000.000000,0.569000,130299000000.000000,3548000000.000000,169804000000.000000,170143250000.000000,0.000000,4302000000.000000,0.000000,4302000000.000000,164169000000.000000,32520000000.000000,131649000000.000000,1196000000.000000,-1441000000.000000,-1629000000.000000,791000000.000000,-10238000000.000000,-11748000000.000000,-21912000000.000000,-60000000.000000,34856000000.000000,0.000000,4120000000.000000,4120000000.000000,4120000000.000000,0.000000,248000000.000000,0.032000,62879000000.000000,9511000000.000000,17593000000.000000,2.544000,1.765000,44.941000,45.926000,107231000000.000000,0.000000,31.230000,1.454000,1.452000,13167000000.000000,26446000000.000000,127298000000.000000,127298000000.000000,0.000000,0.015000,0.038000,0.060000,0.081000,0.000000,41616000000.000000,1.000000,5928751656.000000,5918000000.000000,,21.510000,139057000000.000000,1463000000.000000,2595000000.000000,27737000000.000000,23.497000
MRT,2012-06-30,2012-06-30,2012-06-30,2012-Q2,-10546000000.000000,209074580000.000000,2025-04-29,2939000000.000000,266294000000.000000,270936250000.000000,19156000000.000000,247138000000.000000,0.470000,17.640000,-19447000000.000000,2151000000.000000,2151000000.000000,54406000000.000000,4675000000.000000,0.645000,1.575000,64534000000.000000,3402000000.000000,61132000000.000000,64534000000.000000,3743000000.000000,18250000000.000000,0.000000,0.049000,1.740000,10840000000.000000,29090000000.000000,0.228000,29090000000.000000,10840000000.000000,7199000000.000000,0.750000,0.740000,0.750000,103280000000.000000,106832000000.000000,103280000000.000000,272341580000.000000,25.000000,9.362000,15864000000.000000,2.709000,1.000000,72972000000.000000,0.573000,128670000000.000000,3641000000.000000,170305000000.000000,170675750000.000000,0.000000,4388000000.000000,0.000000,4388000000.000000,162715000000.000000,29702000000.000000,133013000000.000000,-1718000000.000000,-712000000.000000,-4209000000.000000,-1483000000.000000,-10277000000.000000,-16804000000.000000,-20225000000.000000,141000000.000000,35311000000.000000,0.000000,4431000000.000000,4431000000.000000,4431000000.000000,0.000000,244000000.000000,0.035000,62809000000.000000,10163000000.000000,16298000000.000000,2.320000,2.024000,47.185000,47.547000,107483000000.000000,0.000000,35.660000,1.641000,1.639000,12430000000.000000,27788000000.000000,127378000000.000000,127378000000.000000,0.000000,0.016000,0.041000,0.064000,0.085000,0.000000,41649000000.000000,1.000000,5863000000.000000,5855000000.000000,,21.755000,137624000000.000000,1418000000.000000,2768000000.000000,29716000000.000000,23.505000
MRT,2012-09-30,2012-09-30,2012-09-30,2012-Q3,-11840000000.000000,217491300000.000000,2025-04-29,3106000000.000000,266849000000.000000,268235250000.000000,18958000000.000000,247891000000.000000,0.475000,17.494000,-19104000000.000000,2217000000.000000,2217000000.000000,54352000000.000000,4690000000.000000,0.616000,1.640000,63747000000.000000,3433000000.000000,60314000000.000000,63747000000.000000,3709000000.000000,18144000000.000000,0.000000,0.046000,1.750000,10629000000.000000,28773000000.000000,0.226000,28773000000.000000,10629000000.000000,7053000000.000000,0.770000,0.760000,0.770000,100957000000.000000,103667500000.000000,100957000000.000000,279874300000.000000,26.000000,9.727000,17145000000.000000,2.971000,1.000000,73007000000.000000,0.573000,128504000000.000000,3576000000.000000,169077000000.000000,170064750000.000000,0.000000,4563000000.000000,0.000000,4563000000.000000,165575000000.000000,30798000000.000000,134777000000.000000,-8737000000.000000,-457000000.000000,-7893000000.000000,-7415000000.000000,-10283000000.000000,-25510000000.000000,-19476000000.000000,328000000.000000,36249000000.000000,0.000000,4443000000.000000,4443000000.000000,4443000000.000000,0.000000,247000000.000000,0.035000,63042000000.000000,9965000000.000000,18936000000.000000,2.273000,2.154000,48.951000,48.961000,108217000000.000000,0.000000,37.700000,1.708000,1.708000,12398000000.000000,28907000000.000000,127359000000.000000,127359000000.000000,0.000000,0.017000,0.043000,0.062000,0.083000,0.000000,41988000000.000000,1.000000,5769000000.000000,5771000000.000000,,22.069000,138345000000.000000,1312000000.000000,2610000000.000000,31301000000.000000,23.972000
MRT,2012-12-31,2012-12-31,2012-12-31,2012-Q4,-9081000000.000000,191472800000.000000,2025-04-29,5236000000.000000,272315000000.000000,268703500000.000000,22706000000.000000,249609000000.000000,0.474000,16.261000,-19465000000.000000,4868000000.000000,4868000000.000000,55228000000.000000,7539000000.000000,0.714000,1.945000,69844000000.000000,3486000000.000000,66358000000.000000,69844000000.000000,4225000000.000000,18143000000.000000,0.000000,0.052000,1.760000,13608000000.000000,31751000000.000000,0.249000,31751000000.000000,13608000000.000000,10164000000.000000,1.250000,1.250000,1.250000,92362000000.000000,100374500000.000000,92362000000.000000,253002800000.000000,19.000000,7.968000,19711000000.000000,3.470000,1.000000,72206000000.000000,0.567000,128548000000.000000,3444000000.000000,176956000000.000000,171535500000.000000,0.000000,4581000000.000000,0.000000,4581000000.000000,179620000000.000000,31787000000.000000,147833000000.000000,1823000000.000000,-16000000.000000,-12275000000.000000,4754000000.000000,-10241000000.000000,-17673000000.000000,-19680000000.000000,65000000.000000,39176000000.000000,0.000000,7264000000.000000,7264000000.000000,7264000000.000000,0.000000,275000000.000000,0.057000,59209000000.000000,12997000000.000000,20494000000.000000,1.408000,2.073000,26.359000,26.968000,109767000000.000000,0.000000,33.710000,1.503000,1.503000,12657000000.000000,22481000000.000000,127434000000.000000,127434000000.000000,0.000000,0.027000,0.072000,0.079000,0.107000,0.000000,41066000000.000000,1.000000,5680000000.000000,5680000000.000000,,22.436000,143767000000.000000,1036000000.000000,2900000000.000000,29517000000.000000,25.311000
MRT,2013-03-31,2013-03-31,2013-03-31,2013-Q1,-9414000000.000000,201487152151.000000,2025-04-29,5344000000.000000,270994000000.000000,269113000000.000000,20372000000.000000,250622000000.000000,0.472000,15.962000,-19456000000.000000,3875000000.000000,3875000000.000000,54965000000.000000,7660000000.000000,0.684000,2.076000,74132000000.000000,3446000000.000000,70686000000.000000,74132000000.000000,4167000000.000000,18112000000.000000,0.000000,0.048000,1.770000,13384000000.000000,31496000000.000000,0.248000,31496000000.000000,13384000000.000000,9972000000.000000,1.320000,1.310000,1.320000,87998000000.000000,96149250000.000000,87998000000.000000,266463152151.000000,20.000000,8.460000,20074000000.000000,3.641000,1.000000,72003000000.000000,0.567000,129491000000.000000,3412000000.000000,181974000000.000000,174578000000.000000,0.000000,4998000000.000000,0.000000,4998000000.000000,182656000000.000000,29786000000.000000,152870000000.000000,1524000000.000000,-639000000.000000,-16282000000.000000,8804000000.000000,-10137000000.000000,-17706000000.000000,-20300000000.000000,60000000.000000,39530000000.000000,0.000000,7380000000.000000,7380000000.000000,7380000000.000000,0.000000,280000000.000000,0.058000,59167000000.000000,12836000000.000000,17523000000.000000,1.341000,2.290000,27.302000,27.795000,109702000000.000000,0.000000,36.690000,1.587000,1.593000,12100000000.000000,23787000000.000000,126968000000.000000,126968000000.000000,0.000000,0.027000,0.077000,0.077000,0.105000,0.000000,41055000000.000000,1.000000,5491609489.000000,5513000000.000000,,23.031000,141503000000.000000,980000000.000000,2592000000.000000,31128000000.000000,25.667000
MRT,2013-06-30,2013-06-30,2013-06-30,2013-Q2,-9761000000.000000,190452000000.000000,2025-04-29,5107000000.000000,272093000000.000000,270562750000.000000,21428000000.000000,250665000000.000000,0.471000,15.978000,-20388000000.000000,4548000000.000000,4548000000.000000,55981000000.000000,7575000000.000000,0.687000,2.161000,75173000000.000000,3256000000.000000,71917000000.000000,75173000000.000000,4029000000.000000,18184000000.000000,0.000000,0.050000,1.780000,13036000000.000000,31220000000.000000,0.245000,31220000000.000000,13036000000.000000,9740000000.000000,1.360000,1.360000,1.360000,85980000000.000000,91824250000.000000,85980000000.000000,260709000000.000000,20.000000,8.351000,19174000000.000000,3.563000,1.000000,71487000000.000000,0.561000,129468000000.000000,3296000000.000000,182061000000.000000,177517000000.000000,0.000000,3888000000.000000,0.000000,3888000000.000000,185778000000.000000,31189000000.000000,154589000000.000000,2671000000.000000,-696000000.000000,-17141000000.000000,10690000000.000000,-9984000000.000000,-15771000000.000000,-21120000000.000000,242000000.000000,39562000000.000000,0.000000,7300000000.000000,7300000000.000000,7300000000.000000,0.000000,275000000.000000,0.057000,59355000000.000000,12132000000.000000,19438000000.000000,1.309000,2.215000,26.089000,26.029000,110734000000.000000,0.000000,35.400000,1.494000,1.494000,12508000000.000000,25212000000.000000,127468000000.000000,127468000000.000000,0.000000,0.027000,0.079000,0.073000,0.102000,0.000000,41171000000.000000,1.000000,5380000000.000000,5381000000.000000,,23.689000,142625000000.000000,953000000.000000,2440000000.000000,31465000000.000000,26.505000
MRT,2013-09-30,2013-09-30,2013-09-30,2013-Q3,-17748000000.000000,179618020000.000000,2025-04-29,5282000000.000000,274599000000.000000,272500250000.000000,18435000000.000000,256164000000.000000,0.470000,16.127000,-21411000000.000000,1371000000.000000,1371000000.000000,56782000000.000000,7779000000.000000,0.509000,2.199000,76223000000.000000,7873000000.000000,68350000000.000000,76223000000.000000,4013000000.000000,18287000000.000000,0.000000,0.053000,1.790000,13074000000.000000,31361000000.000000,0.245000,31361000000.000000,13074000000.000000,9773000000.000000,1.450000,1.450000,1.450000,85715000000.000000,88013750000.000000,85715000000.000000,250243020000.000000,19.000000,7.979000,15988000000.000000,3.008000,1.000000,71385000000.000000,0.557000,132214000000.000000,3301000000.000000,181054000000.000000,180511250000.000000,0.000000,3949000000.000000,0.000000,3949000000.000000,188469000000.000000,36183000000.000000,152286000000.000000,-418000000.000000,-3451000000.000000,-15387000000.000000,11997000000.000000,-9828000000.000000,-12728000000.000000,-25089000000.000000,55000000.000000,37399000000.000000,0.000000,7479000000.000000,7479000000.000000,7479000000.000000,0.000000,300000000.000000,0.058000,59102000000.000000,12283000000.000000,20433000000.000000,1.234000,2.096000,24.016000,23.324000,112424000000.000000,0.000000,33.820000,1.401000,1.402000,12444000000.000000,26648000000.000000,128167000000.000000,128167000000.000000,0.000000,0.027000,0.085000,0.072000,0.102000,0.000000,40815000000.000000,1.000000,5311000000.000000,5315000000.000000,,24.114000,142385000000.000000,682000000.000000,2294000000.000000,32154000000.000000,26.789000
MRT,2013-12-31,2013-12-31,2013-12-31,2013-Q4,-11799000000.000000,185222880000.000000,2025-04-29,7880000000.000000,277787000000.000000,273868250000.000000,23196000000.000000,254591000000.000000,0.470000,17.272000,-20944000000.000000,3339000000.000000,3339000000.000000,51191000000.000000,18722000000.000000,0.663000,2.048000,74788000000.000000,5498000000.000000,69290000000.000000,74788000000.000000,4212000000.000000,18395000000.000000,0.000000,0.051000,1.800000,31686000000.000000,50081000000.000000,0.389000,50081000000.000000,31686000000.000000,27746000000.000000,3.420000,3.420000,3.420000,90988000000.000000,87670250000.000000,90988000000.000000,260074880000.000000,8.000000,5.193000,13852000000.000000,2.629000,1.000000,77561000000.000000,0.602000,131485000000.000000,3940000000.000000,182756000000.000000,181961250000.000000,0.000000,3860000000.000000,0.000000,3860000000.000000,186305000000.000000,34995000000.000000,151310000000.000000,-1529000000.000000,-2190000000.000000,-12914000000.000000,9158000000.000000,-9696000000.000000,-13201000000.000000,-23124000000.000000,301000000.000000,34796000000.000000,0.000000,18418000000.000000,18418000000.000000,18418000000.000000,0.000000,304000000.000000,0.143000,46809000000.000000,30752000000.000000,21107000000.000000,0.526000,2.036000,10.057000,10.281000,110968000000.000000,0.000000,35.160000,1.439000,1.439000,12918000000.000000,31141000000.000000,128752000000.000000,128752000000.000000,0.000000,0.067000,0.210000,0.174000,0.246000,0.000000,28414000000.000000,1.000000,5268000000.000000,5268000000.000000,,24.440000,146302000000.000000,1199000000.000000,9328000000.000000,38082000000.000000,27.772000
MRT,2014-03-31,2014-03-31,2014-03-31,2014-Q1,-15741000000.000000,182604211614.000000,2025-04-29,7666000000.000000,285340000000.000000,277454750000.000000,24089000000.000000,261251000000.000000,0.468000,17.408000,-22408000000.000000,3611000000.000000,3611000000.000000,51958000000.000000,18683000000.000000,0.605000,2.134000,79876000000.000000,8301000000.000000,71575000000.000000,79876000000.000000,4121000000.000000,18483000000.000000,0.000000,0.052000,1.810000,32031000000.000000,50514000000.000000,0.389000,50514000000.000000,32031000000.000000,28058000000.000000,3.450000,3.460000,3.450000,90906000000.000000,88397250000.000000,90906000000.000000,254053211614.000000,8.000000,5.029000,12988000000.000000,2.487000,1.000000,77914000000.000000,0.600000,135819000000.000000,3973000000.000000,185956000000.000000,182956750000.000000,0.000000,3613000000.000000,0.000000,3613000000.000000,193971000000.000000,39830000000.000000,154141000000.000000,-264000000.000000,-1461000000.000000,-8283000000.000000,5429000000.000000,-9592000000.000000,-11811000000.000000,-23849000000.000000,301000000.000000,35396000000.000000,0.000000,18370000000.000000,18370000000.000000,18370000000.000000,0.000000,313000000.000000,0.141000,46824000000.000000,31090000000.000000,22234000000.000000,0.525000,2.009000,9.940000,10.165000,112809000000.000000,0.000000,35.070000,1.406000,1.410000,13120000000.000000,32402000000.000000,129872000000.000000,129872000000.000000,0.000000,0.066000,0.208000,0.175000,0.247000,0.000000,28341000000.000000,1.000000,5206849490.000000,5222000000.000000,,24.870000,149521000000.000000,1171000000.000000,9688000000.000000,39232000000.000000,28.633000
MRT,2014-06-30,2014-06-30,2014-06-30,2014-Q2,-10676000000.000000,183518400000.000000,2025-04-29,7851000000.000000,293466000000.000000,282798000000.000000,33112000000.000000,260354000000.000000,0.461000,17.704000,-22928000000.000000,11305000000.000000,11305000000.000000,52900000000.000000,18424000000.000000,0.756000,2.180000,84052000000.000000,10482000000.000000,73570000000.000000,84052000000.000000,3990000000.000000,18462000000.000000,0.000000,0.051000,1.820000,32383000000.000000,50845000000.000000,0.390000,50845000000.000000,32383000000.000000,28354000000.000000,3.420000,3.430000,3.420000,92132000000.000000,89935250000.000000,92132000000.000000,259783400000.000000,8.000000,5.109000,11026000000.000000,2.119000,1.000000,77472000000.000000,0.594000,136129000000.000000,4029000000.000000,186296000000.000000,184015500000.000000,0.000000,159000000.000000,0.000000,159000000.000000,200841000000.000000,43788000000.000000,157053000000.000000,6757000000.000000,2231000000.000000,-5170000000.000000,8512000000.000000,-9550000000.000000,-6237000000.000000,-20960000000.000000,2000000.000000,33954000000.000000,0.000000,18095000000.000000,18095000000.000000,18095000000.000000,0.000000,329000000.000000,0.139000,46879000000.000000,30593000000.000000,22966000000.000000,0.532000,1.992000,10.142000,10.339000,114360000000.000000,0.000000,35.360000,1.408000,1.411000,13001000000.000000,33554000000.000000,130372000000.000000,130372000000.000000,0.000000,0.064000,0.201000,0.176000,0.248000,0.000000,28417000000.000000,1.000000,5190000000.000000,5204000000.000000,,25.052000,157337000000.000000,1180000000.000000,10259000000.000000,40797000000.000000,30.234000
MRT,2014-09-30,2014-09-30,2014-09-30,2014-Q3,-14144000000.000000,182754640000.000000,2025-04-29,7926000000.000000,287939000000.000000,286133000000.000000,25835000000.000000,262104000000.000000,0.458000,17.817000,-22208000000.000000,2458000000.000000,2458000000.000000,53833000000.000000,17706000000.000000,0.646000,2.104000,75625000000.000000,5109000000.000000,70516000000.000000,75625000000.000000,4038000000.000000,18386000000.000000,0.000000,0.052000,1.830000,31735000000.000000,50121000000.000000,0.382000,50121000000.000000,31735000000.000000,27519000000.000000,3.300000,3.310000,3.300000,92613000000.000000,91659750000.000000,92613000000.000000,255501640000.000000,8.000000,5.098000,11302000000.000000,2.174000,1.000000,77338000000.000000,0.590000,137167000000.000000,4216000000.000000,183960000000.000000,184742000000.000000,0.000000,166000000.000000,0.000000,166000000.000000,194820000000.000000,39979000000.000000,154841000000.000000,1087000000.000000,5010000000.000000,-3471000000.000000,1194000000.000000,-9541000000.000000,-12979000000.000000,-19444000000.000000,-1993000000.000000,33510000000.000000,0.000000,17411000000.000000,17411000000.000000,17411000000.000000,0.000000,295000000.000000,0.133000,47326000000.000000,30012000000.000000,24119000000.000000,0.555000,1.973000,10.497000,10.679000,115134000000.000000,0.000000,35.240000,1.393000,1.396000,13445000000.000000,34165000000.000000,131171000000.000000,131171000000.000000,0.000000,0.061000,0.190000,0.172000,0.242000,0.000000,28940000000.000000,1.000000,5186000000.000000,5198000000.000000,,25.235000,150772000000.000000,1030000000.000000,10108000000.000000,41721000000.000000,29.006000
MRT,2014-12-31,2014-12-31,2014-12-31,2014-Q4,-3676000000.000000,174231330000.000000,2025-04-29,8061000000.000000,296834000000.000000,290894750000.000000,33606000000.000000,263228000000.000000,0.455000,17.296000,-21199000000.000000,8603000000.000000,8603000000.000000,60145000000.000000,6736000000.000000,0.901000,2.302000,81834000000.000000,6056000000.000000,75778000000.000000,81834000000.000000,4105000000.000000,18273000000.000000,0.000000,0.055000,1.840000,13674000000.000000,31947000000.000000,0.241000,31947000000.000000,13674000000.000000,10061000000.000000,1.240000,1.240000,1.240000,89716000000.000000,91341750000.000000,89716000000.000000,247398330000.000000,18.000000,7.744000,10139000000.000000,1.955000,1.000000,72302000000.000000,0.546000,136655000000.000000,3613000000.000000,196128000000.000000,188085000000.000000,0.000000,250000000.000000,0.000000,250000000.000000,206564000000.000000,37282000000.000000,169282000000.000000,5264000000.000000,4982000000.000000,-1578000000.000000,5617000000.000000,-9552000000.000000,-7737000000.000000,-18337000000.000000,-1890000000.000000,31338000000.000000,0.000000,6442000000.000000,6442000000.000000,6442000000.000000,0.000000,294000000.000000,0.049000,60090000000.000000,12212000000.000000,23592000000.000000,1.484000,1.942000,27.046000,27.089000,112898000000.000000,0.000000,33.590000,1.315000,1.315000,14527000000.000000,31081000000.000000,132447000000.000000,132447000000.000000,0.000000,0.022000,0.071000,0.073000,0.103000,0.000000,39697000000.000000,1.000000,5187000000.000000,5187000000.000000,,25.534000,160179000000.000000,0.000000,3619000000.000000,39527000000.000000,30.881000
MRT,2015-03-31,2015-03-31,2015-03-31,2015-Q1,-10241000000.000000,169458980400.000000,2025-04-29,7341000000.000000,308028000000.000000,296566750000.000000,27410000000.000000,280618000000.000000,0.447000,16.625000,-19331000000.000000,4444000000.000000,4444000000.000000,61484000000.000000,6229000000.000000,0.728000,2.554000,96453000000.000000,8181000000.000000,88272000000.000000,96453000000.000000,4221000000.000000,18234000000.000000,0.000000,0.057000,1.850000,12616000000.000000,30850000000.000000,0.233000,30850000000.000000,12616000000.000000,8964000000.000000,1.150000,1.150000,1.150000,86499000000.000000,90240000000.000000,86499000000.000000,242922980400.000000,19.000000,7.874000,9946000000.000000,1.912000,1.000000,71063000000.000000,0.536000,157324000000.000000,3652000000.000000,205062000000.000000,192861500000.000000,0.000000,266000000.000000,0.000000,266000000.000000,220924000000.000000,37651000000.000000,183273000000.000000,833000000.000000,-14213000000.000000,-346000000.000000,20490000000.000000,-9588000000.000000,5398000000.000000,-33842000000.000000,0.000000,29277000000.000000,0.000000,5941000000.000000,5941000000.000000,5941000000.000000,0.000000,288000000.000000,0.045000,59752000000.000000,11311000000.000000,20418000000.000000,1.609000,1.959000,28.524000,28.391000,113198000000.000000,0.000000,32.650000,1.278000,1.282000,13592000000.000000,28490000000.000000,132547000000.000000,132547000000.000000,0.000000,0.020000,0.066000,0.065000,0.095000,0.000000,39398000000.000000,1.000000,5190167853.000000,5203000000.000000,,25.475000,150704000000.000000,1538000000.000000,3023000000.000000,40409000000.000000,28.965000
MRT,2015-06-30,2015-06-30,2015-06-30,2015-Q2,2636000000.000000,184455360000.000000,2025-04-29,7039000000.000000,326489000000.000000,304822500000.000000,43163000000.000000,283326000000.000000,0.436000,16.691000,-17878000000.000000,20956000000.000000,20956000000.000000,62351000000.000000,5792000000.000000,1.065000,2.751000,113670000000.000000,8603000000.000000,105067000000.000000,113670000000.000000,4075000000.000000,18380000000.000000,0.000000,0.052000,1.860000,11455000000.000000,29835000000.000000,0.224000,29835000000.000000,11455000000.000000,7752000000.000000,1.060000,1.060000,1.060000,86859000000.000000,88921750000.000000,86859000000.000000,276464360000.000000,24.000000,9.266000,12489000000.000000,2.400000,1.000000,70636000000.000000,0.531000,158227000000.000000,3703000000.000000,220449000000.000000,201399750000.000000,0.000000,288000000.000000,0.000000,288000000.000000,238988000000.000000,40527000000.000000,198461000000.000000,9651000000.000000,-19964000000.000000,-189000000.000000,31466000000.000000,-9641000000.000000,17580000000.000000,-38296000000.000000,-2000000.000000,30367000000.000000,0.000000,5476000000.000000,5476000000.000000,5476000000.000000,0.000000,316000000.000000,0.041000,59168000000.000000,11468000000.000000,21560000000.000000,1.755000,2.124000,33.684000,33.509000,114348000000.000000,0.000000,35.520000,1.387000,1.390000,13821000000.000000,29086000000.000000,132987000000.000000,132987000000.000000,0.000000,0.018000,0.062000,0.057000,0.086000,0.000000,38668000000.000000,1.000000,5193000000.000000,5204000000.000000,,25.555000,168262000000.000000,1131000000.000000,2276000000.000000,42364000000.000000,32.333000
MRT,2015-09-30,2015-09-30,2015-09-30,2015-Q3,-12987000000.000000,200399580000.000000,2025-04-29,5294000000.000000,399989000000.000000,332835000000.000000,34951000000.000000,365038000000.000000,0.418000,20.564000,-17726000000.000000,6202000000.000000,6202000000.000000,65811000000.000000,5683000000.000000,0.729000,2.275000,126930000000.000000,7535000000.000000,119395000000.000000,126930000000.000000,4640000000.000000,20106000000.000000,0.000000,0.057000,1.870000,11662000000.000000,31768000000.000000,0.228000,31768000000.000000,11662000000.000000,7829000000.000000,0.960000,0.960000,0.960000,121824000000.000000,96224500000.000000,121824000000.000000,293113580000.000000,25.000000,9.227000,14714000000.000000,2.484000,1.000000,73310000000.000000,0.527000,226873000000.000000,3833000000.000000,245906000000.000000,216886250000.000000,0.000000,1744000000.000000,0.000000,1744000000.000000,277200000000.000000,47938000000.000000,229262000000.000000,3744000000.000000,-29654000000.000000,138000000.000000,31449000000.000000,-9693000000.000000,17708000000.000000,-46404000000.000000,1593000000.000000,32440000000.000000,0.000000,5340000000.000000,5340000000.000000,5340000000.000000,0.000000,343000000.000000,0.038000,61526000000.000000,11784000000.000000,28280000000.000000,1.948000,1.645000,37.528000,33.938000,122836000000.000000,0.000000,32.580000,1.440000,1.387000,16329000000.000000,32627000000.000000,139121000000.000000,139121000000.000000,0.000000,0.016000,0.055000,0.054000,0.084000,0.000000,39300000000.000000,1.000000,6151000000.000000,5924000000.000000,,23.484000,173116000000.000000,0.000000,2489000000.000000,57635000000.000000,29.223000
MRT,2015-12-31,2015-12-31,2015-12-31,2015-Q4,-11824000000.000000,211690320000.000000,2025-04-29,5334000000.000000,402672000000.000000,359294500000.000000,35992000000.000000,366680000000.000000,0.409000,19.940000,-19218000000.000000,5121000000.000000,5121000000.000000,67046000000.000000,13687000000.000000,0.753000,2.275000,126151000000.000000,7636000000.000000,118515000000.000000,126151000000.000000,4682000000.000000,22016000000.000000,0.000000,0.055000,1.880000,24470000000.000000,46486000000.000000,0.317000,46486000000.000000,24470000000.000000,20350000000.000000,2.370000,2.370000,2.370000,122671000000.000000,104463250000.000000,122671000000.000000,332418320000.000000,14.000000,7.151000,16662000000.000000,2.708000,1.000000,79755000000.000000,0.543000,225278000000.000000,4120000000.000000,250608000000.000000,230506250000.000000,0.000000,1606000000.000000,0.000000,1606000000.000000,279032000000.000000,47816000000.000000,231216000000.000000,-3482000000.000000,-30676000000.000000,-126000000.000000,23927000000.000000,-10200000000.000000,9782000000.000000,-49144000000.000000,1545000000.000000,35880000000.000000,0.000000,13345000000.000000,13345000000.000000,13345000000.000000,0.000000,342000000.000000,0.091000,54970000000.000000,24785000000.000000,30372000000.000000,0.793000,1.726000,15.863000,14.519000,124450000000.000000,0.000000,34.410000,1.442000,1.442000,16532000000.000000,33671000000.000000,146801000000.000000,146801000000.000000,0.000000,0.037000,0.128000,0.106000,0.167000,0.000000,32919000000.000000,1.000000,6152000000.000000,6152000000.000000,,23.862000,177394000000.000000,0.000000,7005000000.000000,58357000000.000000,28.835000
MRT,2016-03-31,2016-03-31,2016-03-31,2016-Q1,-6527000000.000000,240942852535.000000,2025-04-29,5180000000.000000,403638000000.000000,383197000000.000000,38001000000.000000,365637000000.000000,0.404000,19.999000,-19821000000.000000,10008000000.000000,10008000000.000000,70966000000.000000,14233000000.000000,0.853000,2.262000,130503000000.000000,8399000000.000000,122104000000.000000,130503000000.000000,4550000000.000000,24001000000.000000,0.000000,0.048000,1.890000,26051000000.000000,50052000000.000000,0.323000,50052000000.000000,26051000000.000000,21623000000.000000,2.370000,2.360000,2.370000,123432000000.000000,113696500000.000000,123432000000.000000,361972852535.000000,14.000000,7.232000,17221000000.000000,2.790000,1.000000,83794000000.000000,0.541000,225086000000.000000,4428000000.000000,254519000000.000000,242870500000.000000,0.000000,1594000000.000000,0.000000,1594000000.000000,279233000000.000000,44528000000.000000,234705000000.000000,5564000000.000000,-11254000000.000000,-45000000.000000,11633000000.000000,-10713000000.000000,387000000.000000,-31865000000.000000,100000000.000000,37042000000.000000,0.000000,13885000000.000000,13885000000.000000,13885000000.000000,0.000000,348000000.000000,0.090000,57435000000.000000,26359000000.000000,26169000000.000000,0.797000,1.952000,17.353000,16.527000,123454000000.000000,0.000000,39.170000,1.557000,1.562000,16070000000.000000,34506000000.000000,154760000000.000000,154760000000.000000,0.000000,0.036000,0.122000,0.107000,0.168000,0.000000,33399000000.000000,1.000000,6151208898.000000,6172000000.000000,,25.075000,178552000000.000000,0.000000,7738000000.000000,59944000000.000000,28.929000
MRT,2016-06-30,2016-06-30,2016-06-30,2016-Q2,-10460000000.000000,266000760000.000000,2025-04-29,4814000000.000000,401808000000.000000,402026750000.000000,36005000000.000000,365803000000.000000,0.404000,19.987000,-20592000000.000000,7208000000.000000,7208000000.000000,74362000000.000000,14564000000.000000,0.775000,2.248000,126836000000.000000,9528000000.000000,117308000000.000000,126836000000.000000,4465000000.000000,25881000000.000000,0.000000,0.044000,1.900000,26871000000.000000,52752000000.000000,0.325000,52752000000.000000,26871000000.000000,22117000000.000000,2.330000,2.320000,2.330000,123402000000.000000,122832250000.000000,123402000000.000000,386495760000.000000,14.000000,7.327000,17597000000.000000,2.850000,1.000000,87903000000.000000,0.542000,224716000000.000000,4754000000.000000,250255000000.000000,250322000000.000000,0.000000,1677000000.000000,0.000000,1677000000.000000,277437000000.000000,46465000000.000000,230972000000.000000,-13748000000.000000,-10172000000.000000,-224000000.000000,-6101000000.000000,-11226000000.000000,-20436000000.000000,-31501000000.000000,155000000.000000,38189000000.000000,0.000000,14211000000.000000,14211000000.000000,14211000000.000000,0.000000,353000000.000000,0.088000,60757000000.000000,27146000000.000000,26746000000.000000,0.815000,2.156000,18.718000,18.545000,123537000000.000000,0.000000,43.210000,1.639000,1.644000,15830000000.000000,34950000000.000000,162265000000.000000,162265000000.000000,0.000000,0.035000,0.116000,0.107000,0.166000,0.000000,34841000000.000000,1.000000,6156000000.000000,6174000000.000000,,26.282000,177092000000.000000,0.000000,7906000000.000000,60989000000.000000,28.684000
MRT,2016-09-30,2016-09-30,2016-09-30,2016-Q3,-9728000000.000000,249832720000.000000,2025-04-29,4850000000.000000,402975000000.000000,402773250000.000000,37374000000.000000,365601000000.000000,0.407000,20.041000,-21145000000.000000,5895000000.000000,5895000000.000000,75456000000.000000,14904000000.000000,0.793000,2.252000,125221000000.000000,7982000000.000000,117239000000.000000,125221000000.000000,4637000000.000000,26195000000.000000,0.000000,0.047000,1.910000,27401000000.000000,53596000000.000000,0.327000,53596000000.000000,27401000000.000000,22569000000.000000,2.370000,2.360000,2.370000,123611000000.000000,123279000000.000000,123611000000.000000,369460720000.000000,13.000000,6.893000,17242000000.000000,2.795000,1.000000,88608000000.000000,0.540000,223473000000.000000,4832000000.000000,251726000000.000000,251777000000.000000,0.000000,1679000000.000000,0.000000,1679000000.000000,278372000000.000000,47102000000.000000,231270000000.000000,-307000000.000000,-2799000000.000000,-566000000.000000,-625000000.000000,-11739000000.000000,-14408000000.000000,-24286000000.000000,556000000.000000,38387000000.000000,0.000000,14545000000.000000,14545000000.000000,14545000000.000000,0.000000,359000000.000000,0.089000,60977000000.000000,27631000000.000000,28849000000.000000,0.806000,2.021000,17.177000,17.135000,123922000000.000000,0.000000,40.610000,1.523000,1.527000,16855000000.000000,35319000000.000000,164064000000.000000,164064000000.000000,0.000000,0.036000,0.118000,0.109000,0.167000,0.000000,34747000000.000000,1.000000,6152000000.000000,6168000000.000000,,26.599000,179502000000.000000,0.000000,8024000000.000000,62335000000.000000,29.102000
MRT,2016-12-31,2016-12-31,2016-12-31,2016-Q4,-12207000000.000000,261176730000.000000,2025-04-29,4961000000.000000,403821000000.000000,403060500000.000000,38369000000.000000,365452000000.000000,0.406000,20.051000,-21516000000.000000,5788000000.000000,5788000000.000000,77190000000.000000,13333000000.000000,0.759000,2.272000,123513000000.000000,9832000000.000000,113681000000.000000,123513000000.000000,4519000000.000000,25847000000.000000,0.000000,0.045000,1.920000,24365000000.000000,50212000000.000000,0.307000,50212000000.000000,24365000000.000000,19455000000.000000,2.100000,2.100000,2.100000,123135000000.000000,123395000000.000000,123135000000.000000,380502730000.000000,16.000000,7.578000,16926000000.000000,2.756000,1.000000,86596000000.000000,0.529000,222067000000.000000,4910000000.000000,248903000000.000000,251350750000.000000,0.000000,1674000000.000000,0.000000,1674000000.000000,279711000000.000000,50576000000.000000,229135000000.000000,662000000.000000,-1581000000.000000,-366000000.000000,-683000000.000000,-11797000000.000000,-14462000000.000000,-23318000000.000000,672000000.000000,38442000000.000000,0.000000,12976000000.000000,12976000000.000000,12976000000.000000,0.000000,357000000.000000,0.079000,63053000000.000000,23543000000.000000,31138000000.000000,0.914000,2.121000,20.128000,20.252000,124899000000.000000,0.000000,42.530000,1.595000,1.595000,16794000000.000000,34734000000.000000,163786000000.000000,163786000000.000000,0.000000,0.032000,0.105000,0.097000,0.149000,0.000000,36845000000.000000,1.000000,6141000000.000000,6141000000.000000,,26.671000,181754000000.000000,0.000000,6479000000.000000,62207000000.000000,29.597000
MRT,2017-03-31,2017-03-31,2017-03-31,2017-Q1,-4963000000.000000,255182239400.000000,2025-04-29,5160000000.000000,411903000000.000000,405126750000.000000,45727000000.000000,366176000000.000000,0.401000,20.084000,-22849000000.000000,14884000000.000000,14884000000.000000,76900000000.000000,13022000000.000000,0.902000,2.317000,133249000000.000000,12681000000.000000,120568000000.000000,133249000000.000000,4493000000.000000,25411000000.000000,0.000000,0.046000,1.930000,23799000000.000000,49210000000.000000,0.303000,49210000000.000000,23799000000.000000,18803000000.000000,2.050000,2.050000,2.050000,123841000000.000000,123497250000.000000,123841000000.000000,372907239400.000000,16.000000,7.578000,16658000000.000000,2.702000,1.000000,85716000000.000000,0.527000,221871000000.000000,4996000000.000000,257707000000.000000,252147750000.000000,0.000000,1551000000.000000,0.000000,1551000000.000000,286922000000.000000,50690000000.000000,236232000000.000000,4820000000.000000,-1468000000.000000,-611000000.000000,5022000000.000000,-11859000000.000000,-9708000000.000000,-24979000000.000000,244000000.000000,39507000000.000000,0.000000,12642000000.000000,12642000000.000000,12642000000.000000,0.000000,380000000.000000,0.078000,62948000000.000000,22768000000.000000,27120000000.000000,0.941000,2.061000,20.185000,20.268000,125292000000.000000,0.000000,41.550000,1.569000,1.575000,15078000000.000000,35175000000.000000,162616000000.000000,162616000000.000000,0.000000,0.031000,0.102000,0.094000,0.146000,0.000000,37176000000.000000,1.000000,6141570142.000000,6166000000.000000,,26.373000,190032000000.000000,0.000000,6161000000.000000,64484000000.000000,30.819000
MRT,2017-06-30,2017-06-30,2017-06-30,2017-Q2,5535000000.000000,231964040000.000000,2025-04-29,5389000000.000000,420795000000.000000,409873500000.000000,53547000000.000000,367248000000.000000,0.395000,20.231000,-22564000000.000000,25617000000.000000,25617000000.000000,77030000000.000000,13521000000.000000,1.115000,2.365000,143655000000.000000,10831000000.000000,132824000000.000000,143655000000.000000,4371000000.000000,24982000000.000000,0.000000,0.051000,1.940000,24593000000.000000,49575000000.000000,0.306000,49575000000.000000,24593000000.000000,19460000000.000000,2.130000,2.130000,2.130000,124725000000.000000,123828000000.000000,124725000000.000000,350329040000.000000,14.000000,7.067000,15341000000.000000,2.488000,1.000000,84903000000.000000,0.524000,221804000000.000000,5133000000.000000,269017000000.000000,256838250000.000000,0.000000,1615000000.000000,0.000000,1615000000.000000,294937000000.000000,48012000000.000000,246925000000.000000,18465000000.000000,454000000.000000,-722000000.000000,16301000000.000000,-11919000000.000000,3258000000.000000,-22698000000.000000,341000000.000000,37905000000.000000,0.000000,13149000000.000000,13149000000.000000,13149000000.000000,0.000000,372000000.000000,0.081000,62169000000.000000,22734000000.000000,26471000000.000000,0.911000,1.860000,17.641000,17.714000,126184000000.000000,0.000000,37.730000,1.432000,1.436000,14997000000.000000,36067000000.000000,161933000000.000000,161933000000.000000,0.000000,0.032000,0.106000,0.096000,0.152000,0.000000,36826000000.000000,1.000000,6148000000.000000,6165000000.000000,,26.267000,198991000000.000000,0.000000,6311000000.000000,65257000000.000000,32.278000
MRT,2017-09-30,2017-09-30,2017-09-30,2017-Q3,28664000000.000000,240503800000.000000,2025-04-29,5580000000.000000,443865000000.000000,420096000000.000000,76357000000.000000,367508000000.000000,0.383000,20.279000,-21989000000.000000,48499000000.000000,48499000000.000000,77309000000.000000,13226000000.000000,1.601000,2.543000,163279000000.000000,8551000000.000000,154728000000.000000,163279000000.000000,4503000000.000000,24445000000.000000,0.000000,0.050000,1.950000,24832000000.000000,49277000000.000000,0.307000,49277000000.000000,24832000000.000000,19237000000.000000,2.080000,2.080000,2.080000,124960000000.000000,124165250000.000000,124960000000.000000,358541800000.000000,14.000000,7.276000,15724000000.000000,2.552000,1.000000,83402000000.000000,0.519000,221087000000.000000,5595000000.000000,289865000000.000000,266373000000.000000,0.000000,1627000000.000000,0.000000,1627000000.000000,317756000000.000000,47693000000.000000,270063000000.000000,42699000000.000000,3032000000.000000,-493000000.000000,36315000000.000000,-11977000000.000000,24479000000.000000,-19493000000.000000,406000000.000000,37713000000.000000,0.000000,12850000000.000000,12850000000.000000,12850000000.000000,0.000000,376000000.000000,0.080000,61269000000.000000,22133000000.000000,28928000000.000000,0.938000,1.925000,18.716000,18.832000,126462000000.000000,0.000000,39.170000,1.496000,1.502000,15876000000.000000,36074000000.000000,160711000000.000000,160711000000.000000,0.000000,0.031000,0.103000,0.093000,0.155000,0.000000,36463000000.000000,1.000000,6140000000.000000,6162000000.000000,,26.081000,222778000000.000000,0.000000,6387000000.000000,67084000000.000000,36.154000
MRT,2017-12-31,2017-12-31,2017-12-31,2017-Q4,-2243000000.000000,238684320000.000000,2025-04-29,7017000000.000000,444097000000.000000,430165000000.000000,79146000000.000000,364951000000.000000,0.373000,22.945000,-20647000000.000000,50498000000.000000,50498000000.000000,77810000000.000000,29847000000.000000,0.972000,2.145000,164346000000.000000,38374000000.000000,125972000000.000000,164346000000.000000,4213000000.000000,24387000000.000000,0.000000,0.050000,1.960000,21042000000.000000,45429000000.000000,0.283000,45429000000.000000,21042000000.000000,14742000000.000000,4.770000,4.760000,4.770000,140861000000.000000,128596750000.000000,140861000000.000000,353464320000.000000,17.000000,7.781000,17363000000.000000,2.828000,1.000000,82736000000.000000,0.515000,219725000000.000000,6300000000.000000,256831000000.000000,268355000000.000000,0.000000,1560000000.000000,0.000000,1560000000.000000,302090000000.000000,81389000000.000000,220701000000.000000,44997000000.000000,2158000000.000000,-430000000.000000,35880000000.000000,-12038000000.000000,25930000000.000000,-18943000000.000000,449000000.000000,38010000000.000000,0.000000,29450000000.000000,29450000000.000000,29450000000.000000,0.000000,397000000.000000,0.183000,62766000000.000000,19970000000.000000,34470000000.000000,0.411000,1.694000,8.105000,8.151000,125222000000.000000,0.000000,38.880000,1.487000,1.487000,16522000000.000000,50500000000.000000,160546000000.000000,160546000000.000000,0.000000,0.068000,0.229000,0.078000,0.131000,0.000000,35465000000.000000,1.000000,6139000000.000000,6139000000.000000,,26.152000,224372000000.000000,0.000000,-14708000000.000000,44469000000.000000,36.549000
MRT,2018-03-31,2018-03-31,2018-03-31,2018-Q1,7925000000.000000,218945640969.000000,2025-04-29,7386000000.000000,446343000000.000000,438775000000.000000,78505000000.000000,367838000000.000000,0.363000,23.684000,-20820000000.000000,48872000000.000000,48872000000.000000,77646000000.000000,31032000000.000000,1.112000,2.051000,163046000000.000000,29322000000.000000,133724000000.000000,163046000000.000000,5081000000.000000,24254000000.000000,0.000000,0.055000,1.970000,22291000000.000000,46545000000.000000,0.292000,46545000000.000000,22291000000.000000,15513000000.000000,4.950000,4.940000,4.950000,145920000000.000000,134116500000.000000,145920000000.000000,332793640969.000000,15.000000,7.150000,17172000000.000000,2.787000,1.000000,81573000000.000000,0.512000,219117000000.000000,6778000000.000000,270820000000.000000,271633250000.000000,0.000000,2623000000.000000,0.000000,2623000000.000000,299267000000.000000,70580000000.000000,228687000000.000000,34245000000.000000,1211000000.000000,-408000000.000000,24147000000.000000,-12099000000.000000,16379000000.000000,-20126000000.000000,316000000.000000,37992000000.000000,0.000000,30643000000.000000,30643000000.000000,30643000000.000000,0.000000,389000000.000000,0.192000,61758000000.000000,19815000000.000000,31569000000.000000,0.398000,1.500000,7.145000,7.202000,125124000000.000000,0.000000,35.650000,1.375000,1.379000,16290000000.000000,55067000000.000000,159219000000.000000,159219000000.000000,0.000000,0.070000,0.228000,0.082000,0.140000,0.000000,34590000000.000000,1.000000,6141532706.000000,6161000000.000000,,25.843000,227226000000.000000,0.000000,-15130000000.000000,47264000000.000000,36.881000
MRT,2018-06-30,2018-06-30,2018-06-30,2018-Q2,-13307000000.000000,197187510000.000000,2025-04-29,5716000000.000000,534691000000.000000,467249000000.000000,55286000000.000000,479405000000.000000,0.339000,28.811000,-20856000000.000000,13523000000.000000,13523000000.000000,76499000000.000000,32266000000.000000,0.806000,1.916000,190167000000.000000,21672000000.000000,168495000000.000000,190167000000.000000,5914000000.000000,24485000000.000000,0.000000,0.062000,1.980000,23612000000.000000,48097000000.000000,0.304000,48097000000.000000,23612000000.000000,16206000000.000000,5.130000,5.120000,5.130000,182980000000.000000,148680250000.000000,182980000000.000000,311361510000.000000,13.000000,6.474000,18660000000.000000,2.938000,1.000000,81869000000.000000,0.517000,294649000000.000000,7406000000.000000,348093000000.000000,291402250000.000000,5849000000.000000,8007000000.000000,0.000000,8007000000.000000,350561000000.000000,68593000000.000000,281968000000.000000,-12072000000.000000,-40690000000.000000,-548000000.000000,21982000000.000000,-12161000000.000000,10593000000.000000,-62181000000.000000,62000000.000000,39516000000.000000,0.000000,31860000000.000000,31860000000.000000,31860000000.000000,0.000000,406000000.000000,0.201000,62114000000.000000,19755000000.000000,35488000000.000000,0.386000,1.078000,6.189000,6.259000,146959000000.000000,0.000000,32.110000,1.245000,1.288000,25492000000.000000,56555000000.000000,158368000000.000000,158368000000.000000,0.000000,0.068000,0.214000,0.081000,0.149000,0.000000,34715000000.000000,1.000000,6141000000.000000,6351000000.000000,,24.936000,240042000000.000000,0.000000,-15654000000.000000,61554000000.000000,37.796000
MRT,2018-09-30,2018-09-30,2018-09-30,2018-Q3,-12313000000.000000,243857960000.000000,2025-04-29,5383000000.000000,534870000000.000000,490000250000.000000,53107000000.000000,481763000000.000000,0.336000,25.240000,-21586000000.000000,8657000000.000000,8657000000.000000,78036000000.000000,33959000000.000000,0.812000,1.903000,183418000000.000000,14905000000.000000,168513000000.000000,183418000000.000000,6045000000.000000,26609000000.000000,0.000000,0.059000,1.990000,25206000000.000000,51815000000.000000,0.315000,51815000000.000000,25206000000.000000,17435000000.000000,5.290000,5.280000,5.290000,183848000000.000000,163402250000.000000,183848000000.000000,420501960000.000000,17.000000,8.115000,19473000000.000000,2.673000,1.000000,86403000000.000000,0.525000,295614000000.000000,7771000000.000000,348597000000.000000,306085250000.000000,7221000000.000000,6128000000.000000,0.000000,6128000000.000000,349899000000.000000,65420000000.000000,284479000000.000000,-39958000000.000000,-42371000000.000000,-214000000.000000,-3465000000.000000,-12783000000.000000,-16451000000.000000,-64566000000.000000,-20000000.000000,41059000000.000000,0.000000,33549000000.000000,33549000000.000000,33549000000.000000,0.000000,410000000.000000,0.204000,65186000000.000000,21217000000.000000,39375000000.000000,0.376000,1.326000,7.269000,6.348000,147310000000.000000,0.000000,33.580000,1.483000,1.487000,26312000000.000000,57624000000.000000,164439000000.000000,164439000000.000000,0.000000,0.068000,0.205000,0.082000,0.153000,0.000000,35663000000.000000,1.000000,7262000000.000000,7284000000.000000,,22.575000,239256000000.000000,0.000000,-16114000000.000000,61955000000.000000,32.847000
MRT,2018-12-31,2018-12-31,2018-12-31,2018-Q4,-12993000000.000000,207714120000.000000,2025-04-29,4249000000.000000,531864000000.000000,511942000000.000000,51427000000.000000,480437000000.000000,0.334000,25.294000,-21251000000.000000,5204000000.000000,5204000000.000000,79419000000.000000,19953000000.000000,0.798000,1.836000,176505000000.000000,10255000000.000000,166250000000.000000,176505000000.000000,5948000000.000000,28430000000.000000,0.000000,0.070000,2.000000,32247000000.000000,60677000000.000000,0.355000,60677000000.000000,32247000000.000000,24290000000.000000,2.850000,2.850000,2.850000,184089000000.000000,174209250000.000000,184089000000.000000,382475120000.000000,12.000000,6.303000,22351000000.000000,3.071000,1.000000,91337000000.000000,0.535000,293128000000.000000,7957000000.000000,345617000000.000000,328281750000.000000,7713000000.000000,6245000000.000000,0.000000,6245000000.000000,337980000000.000000,64420000000.000000,273560000000.000000,-45532000000.000000,-41711000000.000000,136000000.000000,-9349000000.000000,-13410000000.000000,-25989000000.000000,-63145000000.000000,-183000000.000000,43602000000.000000,0.000000,19370000000.000000,19370000000.000000,19370000000.000000,0.000000,583000000.000000,0.113000,65241000000.000000,26096000000.000000,43184000000.000000,0.702000,1.128000,10.723000,10.014000,148542000000.000000,0.000000,28.540000,1.216000,1.216000,26472000000.000000,58753000000.000000,170756000000.000000,170756000000.000000,0.000000,0.038000,0.111000,0.098000,0.189000,0.000000,36765000000.000000,1.000000,7278000000.000000,7278000000.000000,,23.462000,238736000000.000000,0.000000,4920000000.000000,59038000000.000000,32.802000
MRT,2019-03-31,2019-03-31,2019-03-31,2019-Q1,-18180000000.000000,228444738731.000000,2025-04-29,4345000000.000000,548384000000.000000,537452250000.000000,46472000000.000000,501912000000.000000,0.330000,25.313000,-20415000000.000000,6516000000.000000,6516000000.000000,82212000000.000000,19542000000.000000,0.719000,1.909000,193733000000.000000,11538000000.000000,182195000000.000000,193733000000.000000,5956000000.000000,29642000000.000000,0.000000,0.064000,2.010000,31692000000.000000,61334000000.000000,0.345000,61334000000.000000,31692000000.000000,23365000000.000000,2.680000,2.680000,2.680000,185112000000.000000,184007250000.000000,185112000000.000000,399745738731.000000,13.000000,6.518000,25292000000.000000,3.458000,1.000000,95333000000.000000,0.537000,292385000000.000000,8327000000.000000,378564000000.000000,355217750000.000000,10270000000.000000,6230000000.000000,0.000000,6230000000.000000,353433000000.000000,64652000000.000000,288781000000.000000,-42595000000.000000,-41011000000.000000,248000000.000000,-8616000000.000000,-14054000000.000000,-26908000000.000000,-61394000000.000000,-68000000.000000,45707000000.000000,0.000000,18804000000.000000,18804000000.000000,18804000000.000000,0.000000,738000000.000000,0.106000,68205000000.000000,27128000000.000000,42306000000.000000,0.750000,1.234000,12.149000,11.701000,168909000000.000000,0.000000,31.360000,1.287000,1.292000,23863000000.000000,59424000000.000000,177545000000.000000,177545000000.000000,0.000000,0.035000,0.102000,0.089000,0.179000,0.000000,38517000000.000000,1.000000,7284589883.000000,7313000000.000000,,24.278000,255999000000.000000,0.000000,4561000000.000000,60337000000.000000,35.006000
MRT,2019-06-30,2019-06-30,2019-06-30,2019-Q2,-19158000000.000000,244555980000.000000,2025-04-29,3289000000.000000,546914000000.000000,540508000000.000000,47218000000.000000,499696000000.000000,0.340000,25.161000,-20834000000.000000,8423000000.000000,8423000000.000000,85266000000.000000,18268000000.000000,0.711000,1.915000,191130000000.000000,12772000000.000000,178358000000.000000,191130000000.000000,5734000000.000000,30365000000.000000,0.000000,0.060000,2.020000,29966000000.000000,60331000000.000000,0.329000,60331000000.000000,29966000000.000000,21513000000.000000,2.380000,2.380000,2.380000,184257000000.000000,184326500000.000000,184257000000.000000,431772980000.000000,14.000000,7.157000,28928000000.000000,3.950000,1.000000,98250000000.000000,0.535000,291159000000.000000,8453000000.000000,372086000000.000000,361216000000.000000,10685000000.000000,4133000000.000000,0.000000,4133000000.000000,352833000000.000000,66376000000.000000,286457000000.000000,-5099000000.000000,2439000000.000000,903000000.000000,-21338000000.000000,-14702000000.000000,-37052000000.000000,-17809000000.000000,431000000.000000,49762000000.000000,0.000000,17385000000.000000,17385000000.000000,17385000000.000000,0.000000,883000000.000000,0.095000,70088000000.000000,28162000000.000000,42082000000.000000,0.849000,1.327000,14.067000,14.080000,170986000000.000000,0.000000,33.510000,1.333000,1.337000,22381000000.000000,59389000000.000000,183516000000.000000,183516000000.000000,0.000000,0.032000,0.094000,0.083000,0.163000,0.000000,39677000000.000000,1.000000,7298000000.000000,7323000000.000000,,25.060000,255755000000.000000,0.000000,4128000000.000000,60775000000.000000,34.925000
MRT,2019-09-30,2019-09-30,2019-09-30,2019-Q3,-17431000000.000000,276496880000.000000,2025-04-29,2137000000.000000,548796000000.000000,543989500000.000000,50695000000.000000,498101000000.000000,0.335000,24.983000,-20399000000.000000,6588000000.000000,6588000000.000000,84714000000.000000,17401000000.000000,0.744000,1.936000,187464000000.000000,11608000000.000000,175856000000.000000,187464000000.000000,6097000000.000000,29148000000.000000,0.000000,0.054000,2.030000,28526000000.000000,57674000000.000000,0.316000,57674000000.000000,28526000000.000000,20041000000.000000,2.230000,2.230000,2.230000,183049000000.000000,184126750000.000000,183049000000.000000,459203880000.000000,16.000000,7.962000,28406000000.000000,3.877000,1.000000,97651000000.000000,0.535000,288047000000.000000,8485000000.000000,373499000000.000000,367441500000.000000,12014000000.000000,4137000000.000000,0.000000,4137000000.000000,354469000000.000000,68126000000.000000,286343000000.000000,-2006000000.000000,3261000000.000000,521000000.000000,-19101000000.000000,-14797000000.000000,-34651000000.000000,-16160000000.000000,574000000.000000,48805000000.000000,0.000000,16367000000.000000,16367000000.000000,16367000000.000000,0.000000,1034000000.000000,0.090000,68857000000.000000,28794000000.000000,43955000000.000000,0.910000,1.511000,16.894000,16.969000,171599000000.000000,0.000000,37.840000,1.516000,1.520000,22921000000.000000,59347000000.000000,182365000000.000000,182365000000.000000,0.000000,0.030000,0.089000,0.078000,0.156000,0.000000,39663000000.000000,1.000000,7307000000.000000,7327000000.000000,,24.889000,260749000000.000000,0.000000,3674000000.000000,60527000000.000000,35.587000
MRT,2019-12-31,2019-12-31,2019-12-31,2019-Q4,-14150000000.000000,285479400000.000000,2025-04-29,5470000000.000000,551669000000.000000,548940750000.000000,54761000000.000000,496908000000.000000,0.330000,25.218000,-19635000000.000000,12130000000.000000,12130000000.000000,84141000000.000000,14975000000.000000,0.795000,1.898000,184951000000.000000,11838000000.000000,173113000000.000000,184951000000.000000,6124000000.000000,28217000000.000000,0.000000,0.052000,2.040000,25818000000.000000,54035000000.000000,0.298000,54035000000.000000,25818000000.000000,17396000000.000000,1.900000,1.890000,1.900000,184221000000.000000,184159750000.000000,184221000000.000000,466355400000.000000,18.000000,8.631000,29033000000.000000,3.974000,1.000000,97052000000.000000,0.536000,288513000000.000000,8422000000.000000,367066000000.000000,372803750000.000000,12434000000.000000,3695000000.000000,0.000000,3695000000.000000,349735000000.000000,68911000000.000000,280824000000.000000,6895000000.000000,2875000000.000000,-1786000000.000000,-16771000000.000000,-14888000000.000000,-25083000000.000000,-16690000000.000000,0.000000,48668000000.000000,0.000000,13903000000.000000,13900000000.000000,13900000000.000000,0.000000,1072000000.000000,0.077000,69097000000.000000,27955000000.000000,45956000000.000000,1.074000,1.550000,20.538000,20.568000,169512000000.000000,3000000.000000,39.080000,1.576000,1.576000,22636000000.000000,57936000000.000000,181193000000.000000,181193000000.000000,0.000000,0.025000,0.075000,0.069000,0.142000,0.000000,39422000000.000000,1.000000,7305000000.000000,7305000000.000000,,24.804000,263156000000.000000,0.000000,3493000000.000000,60714000000.000000,36.024000
MRT,2020-03-31,2020-03-31,2020-03-31,2020-Q1,-17000000000.000000,209089570640.000000,2025-04-29,-385000000.000000,545354000000.000000,548183250000.000000,52704000000.000000,492650000000.000000,0.327000,24.736000,-19480000000.000000,9955000000.000000,9955000000.000000,82590000000.000000,15590000000.000000,0.756000,1.968000,185853000000.000000,17067000000.000000,168786000000.000000,185853000000.000000,5960000000.000000,28233000000.000000,0.000000,0.070000,2.050000,26488000000.000000,54721000000.000000,0.305000,54721000000.000000,26488000000.000000,18189000000.000000,1.970000,1.960000,1.970000,177779000000.000000,182326500000.000000,177779000000.000000,381910570640.000000,14.000000,6.979000,27002000000.000000,3.757000,1.000000,96555000000.000000,0.539000,285124000000.000000,8299000000.000000,366424000000.000000,369768750000.000000,13276000000.000000,3606000000.000000,0.000000,3606000000.000000,349905000000.000000,69704000000.000000,280201000000.000000,3410000000.000000,3043000000.000000,-7169000000.000000,-12882000000.000000,-14911000000.000000,-26761000000.000000,-16311000000.000000,-5000000.000000,46482000000.000000,0.000000,14417000000.000000,14382000000.000000,14382000000.000000,0.000000,1173000000.000000,0.080000,68347000000.000000,28208000000.000000,40771000000.000000,1.041000,1.176000,14.538000,14.797000,167815000000.000000,35000000.000000,29.150000,1.167000,1.169000,19908000000.000000,58534000000.000000,179145000000.000000,179145000000.000000,0.000000,0.026000,0.079000,0.072000,0.148000,0.000000,38533000000.000000,1.000000,7172884070.000000,7187000000.000000,,24.926000,260230000000.000000,0.000000,3772000000.000000,60660000000.000000,36.208000
MRT,2020-06-30,2020-06-30,2020-06-30,2020-Q2,-12914000000.000000,215388750000.000000,2025-04-29,129000000.000000,547898000000.000000,548429250000.000000,56555000000.000000,491343000000.000000,0.319000,24.618000,-18525000000.000000,16941000000.000000,16941000000.000000,80061000000.000000,13179000000.000000,0.814000,2.015000,191194000000.000000,15576000000.000000,175618000000.000000,191194000000.000000,5723000000.000000,28417000000.000000,0.000000,0.068000,2.060000,23784000000.000000,52201000000.000000,0.298000,52201000000.000000,23784000000.000000,15593000000.000000,1.630000,1.620000,1.630000,175896000000.000000,180236250000.000000,175896000000.000000,391286750000.000000,16.000000,7.496000,25732000000.000000,3.601000,1.000000,95077000000.000000,0.543000,284623000000.000000,8191000000.000000,368059000000.000000,368762000000.000000,14514000000.000000,2302000000.000000,0.000000,2302000000.000000,354445000000.000000,69469000000.000000,284976000000.000000,8377000000.000000,-911000000.000000,-7397000000.000000,-3494000000.000000,-14926000000.000000,-16211000000.000000,-19669000000.000000,-396000000.000000,44257000000.000000,0.000000,11985000000.000000,11898000000.000000,11898000000.000000,0.000000,1194000000.000000,0.068000,70837000000.000000,24240000000.000000,41881000000.000000,1.264000,1.225000,18.103000,18.546000,168341000000.000000,87000000.000000,30.230000,1.230000,1.233000,19127000000.000000,56045000000.000000,175138000000.000000,175138000000.000000,0.000000,0.022000,0.066000,0.064000,0.136000,0.000000,38520000000.000000,1.000000,7125000000.000000,7145000000.000000,,24.512000,263275000000.000000,0.000000,3608000000.000000,60935000000.000000,36.847000
MRT,2020-09-30,2020-09-30,2020-09-30,2020-Q3,-9594000000.000000,203133750000.000000,2025-04-29,649000000.000000,538553000000.000000,545868500000.000000,49971000000.000000,488582000000.000000,0.317000,24.563000,-17075000000.000000,9758000000.000000,9758000000.000000,79746000000.000000,12398000000.000000,0.839000,1.957000,180934000000.000000,5898000000.000000,175036000000.000000,180934000000.000000,5862000000.000000,28498000000.000000,0.000000,0.073000,2.070000,22618000000.000000,51116000000.000000,0.296000,51116000000.000000,22618000000.000000,14538000000.000000,1.520000,1.510000,1.520000,175553000000.000000,178362250000.000000,175553000000.000000,377386750000.000000,17.000000,7.383000,27916000000.000000,3.906000,1.000000,93144000000.000000,0.539000,283183000000.000000,8080000000.000000,366981000000.000000,367132500000.000000,13948000000.000000,2325000000.000000,0.000000,2325000000.000000,343497000000.000000,59565000000.000000,283932000000.000000,3067000000.000000,-230000000.000000,-7348000000.000000,-9972000000.000000,-14941000000.000000,-24510000000.000000,-17414000000.000000,-523000000.000000,44991000000.000000,0.000000,11101000000.000000,10960000000.000000,10960000000.000000,0.000000,1297000000.000000,0.063000,70673000000.000000,22471000000.000000,42728000000.000000,1.362000,1.157000,18.534000,18.757000,167517000000.000000,141000000.000000,28.510000,1.175000,1.179000,19379000000.000000,55094000000.000000,172890000000.000000,172890000000.000000,0.000000,0.020000,0.061000,0.062000,0.131000,0.000000,38202000000.000000,1.000000,7125000000.000000,7147000000.000000,,24.191000,255370000000.000000,0.000000,3437000000.000000,61784000000.000000,35.731000
MRT,2020-12-31,2020-12-31,2020-12-31,2020-Q4,-11430000000.000000,204943760000.000000,2025-04-29,4330000000.000000,525761000000.000000,539391500000.000000,52008000000.000000,473753000000.000000,0.265000,22.688000,-14690000000.000000,9740000000.000000,9740000000.000000,65651000000.000000,-3821000000.000000,0.820000,2.143000,179447000000.000000,3470000000.000000,175977000000.000000,179447000000.000000,6176000000.000000,22523000000.000000,0.000000,0.072000,2.080000,3719000000.000000,26242000000.000000,0.183000,26242000000.000000,3719000000.000000,-4008000000.000000,-0.750000,-0.750000,-0.750000,161673000000.000000,172725250000.000000,161673000000.000000,376119760000.000000,101.000000,14.333000,28439000000.000000,3.991000,1.000000,77399000000.000000,0.541000,267782000000.000000,7727000000.000000,364248000000.000000,366428000000.000000,18447000000.000000,1780000000.000000,0.000000,1780000000.000000,346521000000.000000,63438000000.000000,283083000000.000000,-2425000000.000000,847000000.000000,-5393000000.000000,-10084000000.000000,-14956000000.000000,-32005000000.000000,-13549000000.000000,0.000000,43129000000.000000,0.000000,-5176000000.000000,-5369000000.000000,-5369000000.000000,2299000000.000000,1355000000.000000,-0.038000,69027000000.000000,8372000000.000000,50051000000.000000,-2.773000,1.268000,-38.172000,-38.347000,165822000000.000000,193000000.000000,28.760000,1.433000,1.433000,20215000000.000000,37457000000.000000,143050000000.000000,143050000000.000000,0.000000,-0.010000,-0.031000,0.010000,0.026000,0.000000,30817000000.000000,1.000000,7126000000.000000,7126000000.000000,,20.074000,257979000000.000000,0.000000,1168000000.000000,60472000000.000000,36.202000
MRT,2021-03-31,2021-03-31,2021-03-31,2021-Q1,-13854000000.000000,215878481024.000000,2025-04-29,4199000000.000000,546985000000.000000,539799250000.000000,62754000000.000000,484231000000.000000,0.267000,23.110000,-13757000000.000000,11342000000.000000,11342000000.000000,67550000000.000000,-842000000.000000,0.819000,2.199000,201965000000.000000,19505000000.000000,182460000000.000000,201965000000.000000,5029000000.000000,21110000000.000000,0.000000,0.069000,2.080000,7331000000.000000,28441000000.000000,0.197000,28441000000.000000,7331000000.000000,-248000000.000000,-0.340000,-0.360000,-0.340000,165488000000.000000,169652500000.000000,165488000000.000000,385585481024.000000,53.000000,13.557000,30433000000.000000,4.250000,1.000000,76660000000.000000,0.532000,259542000000.000000,7579000000.000000,401458000000.000000,375186500000.000000,18973000000.000000,1805000000.000000,0.000000,1805000000.000000,363906000000.000000,76608000000.000000,287298000000.000000,1388000000.000000,-21936000000.000000,-101000000.000000,10317000000.000000,-14960000000.000000,-7423000000.000000,-35379000000.000000,6000000.000000,44190000000.000000,0.000000,-2236000000.000000,-2447000000.000000,-2447000000.000000,2299000000.000000,1394000000.000000,-0.017000,68113000000.000000,8547000000.000000,48245000000.000000,-6.118000,1.304000,-88.222000,-89.029000,162356000000.000000,211000000.000000,30.270000,1.497000,1.503000,16971000000.000000,41154000000.000000,144210000000.000000,144210000000.000000,0.000000,-0.005000,-0.014000,0.020000,0.051000,0.000000,31439000000.000000,1.000000,7131763496.000000,7161000000.000000,,20.138000,287443000000.000000,0.000000,1988000000.000000,61886000000.000000,40.140000
MRT,2021-06-30,2021-06-30,2021-06-30,2021-Q2,-19257000000.000000,205489200000.000000,2025-04-29,3119000000.000000,544710000000.000000,539002250000.000000,62869000000.000000,481841000000.000000,0.258000,22.642000,-12839000000.000000,11869000000.000000,11869000000.000000,65725000000.000000,-531000000.000000,0.766000,2.248000,201420000000.000000,24016000000.000000,177404000000.000000,201420000000.000000,4932000000.000000,16911000000.000000,0.000000,0.072000,2.080000,7435000000.000000,24346000000.000000,0.175000,24346000000.000000,7435000000.000000,257000000.000000,-0.300000,-0.310000,-0.300000,162296000000.000000,166252500000.000000,162296000000.000000,396112200000.000000,53.000000,16.270000,30202000000.000000,4.213000,1.000000,73275000000.000000,0.527000,257600000000.000000,7178000000.000000,394535000000.000000,381805500000.000000,19081000000.000000,1853000000.000000,0.000000,1853000000.000000,364864000000.000000,82126000000.000000,282738000000.000000,-5055000000.000000,-21094000000.000000,-97000000.000000,5197000000.000000,-15053000000.000000,-14194000000.000000,-33902000000.000000,0.000000,43041000000.000000,0.000000,-1947000000.000000,-2162000000.000000,-2162000000.000000,6394000000.000000,1416000000.000000,-0.016000,60688000000.000000,12587000000.000000,49429000000.000000,-6.933000,1.266000,-95.046000,-95.933000,160856000000.000000,215000000.000000,28.780000,1.478000,1.484000,15771000000.000000,38947000000.000000,139000000000.000000,139000000000.000000,0.000000,-0.004000,-0.013000,0.019000,0.053000,0.000000,29189000000.000000,1.000000,7140000000.000000,7168000000.000000,,19.392000,287110000000.000000,0.000000,2204000000.000000,61732000000.000000,40.054000
MRT,2021-09-30,2021-09-30,2021-09-30,2021-Q3,-24371000000.000000,192851400000.000000,2025-04-29,2343000000.000000,547107000000.000000,541140750000.000000,57230000000.000000,489877000000.000000,0.237000,22.838000,-13458000000.000000,21270000000.000000,21270000000.000000,59319000000.000000,2574000000.000000,0.701000,2.234000,202109000000.000000,24935000000.000000,177174000000.000000,202109000000.000000,4991000000.000000,14338000000.000000,0.000000,0.077000,2.080000,10722000000.000000,25060000000.000000,0.196000,25060000000.000000,10722000000.000000,3889000000.000000,0.130000,0.100000,0.130000,163771000000.000000,163307000000.000000,163771000000.000000,382402400000.000000,36.000000,15.259000,27326000000.000000,3.811000,1.000000,68667000000.000000,0.537000,280521000000.000000,6833000000.000000,365824000000.000000,381516250000.000000,20899000000.000000,8629000000.000000,0.000000,8629000000.000000,365804000000.000000,81601000000.000000,284203000000.000000,11556000000.000000,-14838000000.000000,-100000000.000000,17205000000.000000,-15060000000.000000,-2072000000.000000,-27156000000.000000,0.000000,40784000000.000000,0.000000,1155000000.000000,944000000.000000,944000000.000000,5140000000.000000,1419000000.000000,0.007000,55975000000.000000,12692000000.000000,47926000000.000000,16.000000,1.178000,204.292000,207.769000,161168000000.000000,211000000.000000,27.010000,1.507000,1.513000,16304000000.000000,41091000000.000000,127986000000.000000,127986000000.000000,0.000000,0.002000,0.006000,0.028000,0.084000,0.000000,27017000000.000000,1.000000,7140000000.000000,7171000000.000000,,17.848000,266586000000.000000,0.000000,2734000000.000000,63405000000.000000,37.176000
MRT,2021-12-31,2021-12-31,2021-12-31,2021-Q4,64538000000.000000,175668600000.000000,2025-04-29,3529000000.000000,551622000000.000000,547606000000.000000,170768000000.000000,380854000000.000000,0.245000,23.293000,-15545000000.000000,19223000000.000000,19223000000.000000,60407000000.000000,21479000000.000000,1.608000,2.211000,195832000000.000000,25865000000.000000,169967000000.000000,195832000000.000000,3966000000.000000,17852000000.000000,0.000000,0.085000,2.080000,32192000000.000000,50044000000.000000,0.373000,50044000000.000000,32192000000.000000,25476000000.000000,2.770000,2.730000,2.770000,166332000000.000000,164471750000.000000,166332000000.000000,356507600000.000000,11.000000,7.124000,26413000000.000000,3.699000,1.000000,73631000000.000000,0.549000,211961000000.000000,6716000000.000000,410040000000.000000,392964250000.000000,3325000000.000000,6168000000.000000,0.000000,6168000000.000000,367767000000.000000,106230000000.000000,261537000000.000000,11446000000.000000,-16994000000.000000,-106000000.000000,19299000000.000000,-15068000000.000000,1578000000.000000,-32090000000.000000,44000000.000000,41958000000.000000,0.000000,20081000000.000000,19874000000.000000,19874000000.000000,2297000000.000000,1398000000.000000,0.148000,47734000000.000000,25897000000.000000,39095000000.000000,0.751000,1.056000,8.839000,8.881000,143473000000.000000,207000000.000000,24.600000,1.311000,1.311000,12313000000.000000,42350000000.000000,134038000000.000000,134038000000.000000,0.000000,0.036000,0.121000,0.082000,0.240000,0.000000,29669000000.000000,1.000000,7141000000.000000,7141000000.000000,,18.770000,339661000000.000000,0.000000,5395000000.000000,53767000000.000000,47.565000
MRT,2022-03-31,2022-03-31,2022-03-31,2022-Q1,-5638000000.000000,168786555470.000000,2025-04-29,3290000000.000000,577195000000.000000,555158500000.000000,76856000000.000000,500339000000.000000,0.230000,23.530000,-16080000000.000000,38565000000.000000,38565000000.000000,56551000000.000000,18701000000.000000,0.932000,2.311000,229522000000.000000,28380000000.000000,201142000000.000000,229522000000.000000,5183000000.000000,16505000000.000000,0.000000,0.088000,2.080000,28686000000.000000,45191000000.000000,0.353000,45191000000.000000,28686000000.000000,22167000000.000000,2.390000,2.360000,2.390000,169036000000.000000,165358750000.000000,169036000000.000000,347573555470.000000,12.000000,7.691000,21683000000.000000,3.018000,1.000000,71322000000.000000,0.558000,280587000000.000000,6519000000.000000,405071000000.000000,393867500000.000000,22956000000.000000,5943000000.000000,0.000000,5943000000.000000,390639000000.000000,82494000000.000000,308145000000.000000,27220000000.000000,-2083000000.000000,-164000000.000000,-4078000000.000000,-15076000000.000000,7346000000.000000,-17889000000.000000,44000000.000000,37763000000.000000,0.000000,17341000000.000000,17136000000.000000,17136000000.000000,2638000000.000000,1360000000.000000,0.134000,47082000000.000000,24240000000.000000,46845000000.000000,0.870000,0.999000,9.850000,9.887000,162586000000.000000,205000000.000000,23.630000,1.320000,1.328000,17218000000.000000,45041000000.000000,127873000000.000000,127873000000.000000,0.000000,0.031000,0.104000,0.073000,0.224000,0.000000,29021000000.000000,1.000000,7142892741.000000,7184000000.000000,,17.800000,296608000000.000000,0.000000,4826000000.000000,65963000000.000000,41.287000
MRT,2022-06-30,2022-06-30,2022-06-30,2022-Q2,-14704000000.000000,150052640000.000000,2025-04-29,2307000000.000000,426433000000.000000,525589250000.000000,34485000000.000000,391948000000.000000,0.232000,16.424000,-17440000000.000000,4018000000.000000,4018000000.000000,52734000000.000000,21364000000.000000,0.701000,2.472000,155325000000.000000,6829000000.000000,148496000000.000000,155325000000.000000,3603000000.000000,17869000000.000000,0.000000,0.088000,1.838000,31493000000.000000,49362000000.000000,0.405000,49362000000.000000,31493000000.000000,25112000000.000000,2.750000,2.700000,2.750000,117746000000.000000,154221250000.000000,117746000000.000000,341009640000.000000,11.000000,6.908000,15320000000.000000,2.137000,1.000000,69042000000.000000,0.567000,221674000000.000000,6381000000.000000,306877000000.000000,371953000000.000000,3241000000.000000,4523000000.000000,0.000000,4523000000.000000,291126000000.000000,49189000000.000000,241937000000.000000,-7859000000.000000,-2136000000.000000,-850000000.000000,-42008000000.000000,-13332000000.000000,-22721000000.000000,-17898000000.000000,117000000.000000,32760000000.000000,0.000000,19928000000.000000,19727000000.000000,19727000000.000000,-1243000000.000000,1436000000.000000,0.162000,47418000000.000000,21624000000.000000,36659000000.000000,0.668000,1.274000,7.606000,7.622000,146943000000.000000,201000000.000000,20.960000,1.232000,1.234000,11377000000.000000,2128000000.000000,121776000000.000000,121776000000.000000,0.000000,0.038000,0.128000,0.085000,0.259000,0.000000,28705000000.000000,1.000000,7159000000.000000,7169000000.000000,,16.986000,204759000000.000000,0.000000,5184000000.000000,55301000000.000000,28.562000
MRT,2022-09-30,2022-09-30,2022-09-30,2022-Q3,-19962000000.000000,109312840000.000000,2025-04-29,2873000000.000000,426463000000.000000,495428250000.000000,32295000000.000000,394168000000.000000,0.243000,17.113000,-18891000000.000000,2423000000.000000,2423000000.000000,51502000000.000000,21490000000.000000,0.618000,2.340000,152492000000.000000,9897000000.000000,142595000000.000000,152492000000.000000,3705000000.000000,17926000000.000000,0.000000,0.104000,1.595000,31006000000.000000,48932000000.000000,0.406000,48932000000.000000,31006000000.000000,24832000000.000000,2.760000,2.700000,2.760000,122406000000.000000,143880000000.000000,122406000000.000000,260619840000.000000,8.000000,5.326000,14074000000.000000,1.968000,1.000000,68991000000.000000,0.573000,221943000000.000000,6174000000.000000,302332000000.000000,356080000000.000000,3935000000.000000,3964000000.000000,0.000000,3964000000.000000,286485000000.000000,52257000000.000000,234228000000.000000,-18911000000.000000,-8227000000.000000,-851000000.000000,-44204000000.000000,-11594000000.000000,-25137000000.000000,-26739000000.000000,137000000.000000,32965000000.000000,0.000000,20036000000.000000,19836000000.000000,19836000000.000000,-42000000.000000,1454000000.000000,0.165000,47592000000.000000,21399000000.000000,36642000000.000000,0.578000,0.893000,5.511000,5.558000,148827000000.000000,200000000.000000,15.340000,0.907000,0.911000,11384000000.000000,6127000000.000000,120493000000.000000,120493000000.000000,0.000000,0.040000,0.138000,0.087000,0.257000,0.000000,28813000000.000000,1.000000,7126000000.000000,7153000000.000000,,16.845000,204520000000.000000,0.000000,4796000000.000000,56055000000.000000,28.592000
MRT,2022-12-31,2022-12-31,2022-12-31,2022-Q4,-23065000000.000000,131208070000.000000,2025-04-29,2766000000.000000,402853000000.000000,458236000000.000000,33108000000.000000,369745000000.000000,0.263000,13.680000,-19626000000.000000,3701000000.000000,3701000000.000000,50848000000.000000,-7055000000.000000,0.589000,3.040000,154679000000.000000,7597000000.000000,147082000000.000000,154679000000.000000,3918000000.000000,18021000000.000000,0.000000,0.073000,1.353000,1364000000.000000,19385000000.000000,0.161000,19385000000.000000,1364000000.000000,-4744000000.000000,-1.130000,-1.130000,-1.130000,97500000000.000000,126672000000.000000,97500000000.000000,281277070000.000000,206.000000,14.510000,12397000000.000000,1.739000,1.000000,69893000000.000000,0.579000,197341000000.000000,6108000000.000000,300317000000.000000,328649250000.000000,3123000000.000000,3533000000.000000,0.000000,3533000000.000000,296396000000.000000,56173000000.000000,240223000000.000000,-17523000000.000000,-7352000000.000000,-862000000.000000,-42956000000.000000,-9859000000.000000,-23741000000.000000,-25805000000.000000,82000000.000000,32023000000.000000,0.000000,-8524000000.000000,-8727000000.000000,-8727000000.000000,181000000.000000,1469000000.000000,-0.072000,74480000000.000000,-4587000000.000000,42644000000.000000,-1.197000,1.346000,-15.035000,-16.292000,149259000000.000000,203000000.000000,18.410000,1.087000,1.087000,11466000000.000000,-19415000000.000000,120741000000.000000,120741000000.000000,0.000000,-0.019000,-0.069000,0.004000,0.011000,0.000000,28961000000.000000,1.000000,7127000000.000000,7127000000.000000,,16.941000,205512000000.000000,0.000000,3780000000.000000,57032000000.000000,28.836000
MRT,2023-03-31,2023-03-31,2023-03-31,2023-Q1,-28247000000.000000,137250003718.000000,2025-04-29,2354000000.000000,400873000000.000000,414155500000.000000,29903000000.000000,370970000000.000000,0.293000,13.867000,-19393000000.000000,2821000000.000000,2821000000.000000,50444000000.000000,-7766000000.000000,0.514000,2.943000,155897000000.000000,13757000000.000000,142140000000.000000,155897000000.000000,3922000000.000000,18190000000.000000,0.000000,0.058000,1.110000,738000000.000000,18928000000.000000,0.156000,18928000000.000000,738000000.000000,-5452000000.000000,-1.210000,-1.210000,-1.210000,99396000000.000000,109262000000.000000,99396000000.000000,288228003718.000000,391.000000,15.228000,13576000000.000000,1.894000,1.000000,70724000000.000000,0.584000,197743000000.000000,6190000000.000000,298056000000.000000,301895500000.000000,2791000000.000000,2810000000.000000,0.000000,2810000000.000000,292527000000.000000,58150000000.000000,234377000000.000000,-35706000000.000000,1068000000.000000,-876000000.000000,-43987000000.000000,-8124000000.000000,-51703000000.000000,-16972000000.000000,101000000.000000,32969000000.000000,0.000000,-9106000000.000000,-9313000000.000000,-9313000000.000000,196000000.000000,1340000000.000000,-0.077000,74846000000.000000,-4122000000.000000,38389000000.000000,-0.917000,1.381000,-14.737000,-15.909000,150077000000.000000,207000000.000000,19.250000,1.133000,1.139000,10214000000.000000,-15187000000.000000,121168000000.000000,121168000000.000000,0.000000,-0.022000,-0.085000,0.002000,0.006000,0.000000,29158000000.000000,1.000000,7129870323.000000,7168000000.000000,,16.904000,203130000000.000000,0.000000,3654000000.000000,57294000000.000000,28.338000
MRT,2023-06-30,2023-06-30,2023-06-30,2023-Q2,-17487000000.000000,114026550000.000000,2025-04-29,2305000000.000000,408453000000.000000,409660500000.000000,36672000000.000000,371781000000.000000,0.296000,14.193000,-18755000000.000000,9528000000.000000,9528000000.000000,49930000000.000000,-7541000000.000000,0.677000,2.869000,161591000000.000000,15268000000.000000,146323000000.000000,161591000000.000000,3833000000.000000,18415000000.000000,0.000000,0.070000,1.110000,1070000000.000000,19485000000.000000,0.160000,19485000000.000000,1070000000.000000,-5226000000.000000,-1.170000,-1.160000,-1.170000,101903000000.000000,105301250000.000000,101903000000.000000,267102550000.000000,250.000000,13.708000,18229000000.000000,2.539000,1.000000,71512000000.000000,0.589000,198242000000.000000,6296000000.000000,308115000000.000000,302205000000.000000,2348000000.000000,2779000000.000000,0.000000,2779000000.000000,292378000000.000000,54159000000.000000,238219000000.000000,5505000000.000000,1033000000.000000,-204000000.000000,-552000000.000000,-8121000000.000000,-12872000000.000000,-18607000000.000000,-1047000000.000000,36984000000.000000,0.000000,-8774000000.000000,-8981000000.000000,-8981000000.000000,-18000000.000000,1233000000.000000,-0.074000,74184000000.000000,-2672000000.000000,33038000000.000000,-0.949000,1.119000,-12.696000,-13.632000,150364000000.000000,207000000.000000,15.950000,0.939000,0.943000,9304000000.000000,-10698000000.000000,121442000000.000000,121442000000.000000,0.000000,-0.022000,-0.085000,0.004000,0.009000,0.000000,28902000000.000000,1.000000,7149000000.000000,7180000000.000000,,16.914000,210211000000.000000,0.000000,3548000000.000000,57972000000.000000,29.277000
MRT,2023-09-30,2023-09-30,2023-09-30,2023-Q3,-16064000000.000000,107377980000.000000,2025-04-29,2545000000.000000,406698000000.000000,404719250000.000000,35620000000.000000,371078000000.000000,0.301000,14.433000,-17481000000.000000,7540000000.000000,7540000000.000000,49783000000.000000,-10114000000.000000,0.689000,2.785000,155733000000.000000,11302000000.000000,144431000000.000000,155733000000.000000,3703000000.000000,18606000000.000000,0.000000,0.074000,1.110000,-973000000.000000,17633000000.000000,0.145000,17633000000.000000,-973000000.000000,-7511000000.000000,-1.520000,-1.480000,-1.520000,103703000000.000000,100625500000.000000,103703000000.000000,259440980000.000000,-267.000000,14.713000,19768000000.000000,2.751000,1.000000,71966000000.000000,0.591000,200299000000.000000,6538000000.000000,302908000000.000000,302349000000.000000,2520000000.000000,1847000000.000000,0.000000,1847000000.000000,288843000000.000000,51684000000.000000,237159000000.000000,5165000000.000000,943000000.000000,-202000000.000000,-4503000000.000000,-8130000000.000000,-14475000000.000000,-17609000000.000000,-1054000000.000000,37249000000.000000,0.000000,-11305000000.000000,-11514000000.000000,-11514000000.000000,35000000.000000,1191000000.000000,-0.095000,74868000000.000000,-2902000000.000000,34659000000.000000,-0.730000,1.035000,-9.326000,-9.882000,149497000000.000000,209000000.000000,15.020000,0.882000,0.886000,8962000000.000000,-7203000000.000000,121749000000.000000,121749000000.000000,0.000000,-0.028000,-0.114000,-0.003000,-0.008000,0.000000,28905000000.000000,1.000000,7149000000.000000,7185000000.000000,,16.945000,206399000000.000000,0.000000,3794000000.000000,58671000000.000000,28.726000
MRT,2023-12-31,2023-12-31,2023-12-31,2023-Q4,-14669000000.000000,119977337580.000000,2025-04-29,2300000000.000000,407060000000.000000,405771000000.000000,36458000000.000000,370602000000.000000,0.302000,14.447000,-17853000000.000000,6722000000.000000,6722000000.000000,50123000000.000000,15623000000.000000,0.713000,2.804000,154899000000.000000,9477000000.000000,145422000000.000000,154899000000.000000,3778000000.000000,18777000000.000000,0.000000,0.066000,1.110000,25329000000.000000,44106000000.000000,0.360000,44106000000.000000,25329000000.000000,18625000000.000000,1.970000,1.970000,1.970000,103297000000.000000,102074750000.000000,103297000000.000000,268170337580.000000,11.000000,6.080000,20461000000.000000,2.862000,1.000000,72305000000.000000,0.591000,200356000000.000000,6704000000.000000,303754000000.000000,303208250000.000000,2177000000.000000,1251000000.000000,0.000000,1251000000.000000,289618000000.000000,51127000000.000000,238491000000.000000,3040000000.000000,-821000000.000000,-191000000.000000,-6835000000.000000,-8136000000.000000,-15614000000.000000,-19660000000.000000,-902000000.000000,38314000000.000000,0.000000,14400000000.000000,14192000000.000000,14192000000.000000,0.000000,1223000000.000000,0.116000,48844000000.000000,23461000000.000000,35852000000.000000,0.563000,1.161000,8.454000,8.518000,149394000000.000000,208000000.000000,16.780000,0.980000,0.980000,10289000000.000000,-5015000000.000000,122428000000.000000,122428000000.000000,0.000000,0.035000,0.139000,0.084000,0.207000,0.000000,28874000000.000000,1.000000,7150020118.000000,7150020118.000000,,17.123000,206704000000.000000,0.000000,4225000000.000000,58666000000.000000,28.910000
MRT,2024-03-31,2024-03-31,2024-03-31,2024-Q1,-14389000000.000000,125889143653.000000,2025-04-29,2167000000.000000,399428000000.000000,405409750000.000000,30445000000.000000,368983000000.000000,0.302000,14.536000,-17276000000.000000,3520000000.000000,3520000000.000000,49746000000.000000,14921000000.000000,0.679000,2.686000,150055000000.000000,7060000000.000000,142995000000.000000,150055000000.000000,3713000000.000000,19193000000.000000,0.000000,0.063000,1.110000,24366000000.000000,43559000000.000000,0.356000,43559000000.000000,24366000000.000000,17646000000.000000,1.860000,1.860000,1.860000,104540000000.000000,103360750000.000000,104540000000.000000,274066143653.000000,11.000000,6.292000,21907000000.000000,3.046000,1.000000,72571000000.000000,0.593000,200558000000.000000,6720000000.000000,300571000000.000000,303837000000.000000,2127000000.000000,891000000.000000,0.000000,891000000.000000,280808000000.000000,44834000000.000000,235974000000.000000,662000000.000000,-1328000000.000000,-163000000.000000,-10202000000.000000,-8156000000.000000,-19718000000.000000,-18803000000.000000,158000000.000000,39183000000.000000,0.000000,13617000000.000000,13411000000.000000,13411000000.000000,0.000000,1304000000.000000,0.110000,49265000000.000000,23306000000.000000,31973000000.000000,0.597000,1.204000,9.387000,9.462000,148519000000.000000,206000000.000000,17.600000,1.029000,1.035000,9577000000.000000,-1570000000.000000,122317000000.000000,122317000000.000000,0.000000,0.033000,0.130000,0.080000,0.199000,0.000000,28720000000.000000,1.000000,7152792253.000000,7192000000.000000,,17.007000,198870000000.000000,0.000000,4029000000.000000,58820000000.000000,27.652000
MRT,2024-06-30,2024-06-30,2024-06-30,2024-Q2,-12561000000.000000,137021855137.000000,2025-04-29,1440000000.000000,398026000000.000000,402803000000.000000,29868000000.000000,368158000000.000000,0.303000,14.635000,-17366000000.000000,3093000000.000000,3093000000.000000,49361000000.000000,14108000000.000000,0.704000,2.646000,147778000000.000000,5249000000.000000,142529000000.000000,147778000000.000000,3981000000.000000,19590000000.000000,0.000000,0.058000,1.110000,23304000000.000000,42894000000.000000,0.351000,42894000000.000000,23304000000.000000,16493000000.000000,1.740000,1.740000,1.740000,105310000000.000000,104212500000.000000,105310000000.000000,283556855137.000000,12.000000,6.611000,20988000000.000000,2.917000,1.000000,72836000000.000000,0.596000,200410000000.000000,6811000000.000000,299872000000.000000,301776250000.000000,1816000000.000000,584000000.000000,0.000000,584000000.000000,278679000000.000000,42429000000.000000,236250000000.000000,-6419000000.000000,-966000000.000000,-164000000.000000,-16207000000.000000,-8172000000.000000,-27377000000.000000,-17396000000.000000,1301000000.000000,38354000000.000000,0.000000,12725000000.000000,12520000000.000000,12520000000.000000,0.000000,1383000000.000000,0.102000,50176000000.000000,22660000000.000000,31173000000.000000,0.638000,1.301000,10.944000,10.983000,148354000000.000000,205000000.000000,19.110000,1.121000,1.125000,9686000000.000000,2000000.000000,122197000000.000000,122197000000.000000,0.000000,0.031000,0.120000,0.077000,0.191000,0.000000,28754000000.000000,1.000000,7170165104.000000,7196000000.000000,,16.981000,197616000000.000000,0.000000,3768000000.000000,58918000000.000000,27.462000
MRT,2024-09-30,2024-09-30,2024-09-30,2024-Q3,-10859000000.000000,157745365294.000000,2025-04-29,648000000.000000,393719000000.000000,399558250000.000000,29799000000.000000,363920000000.000000,0.305000,14.211000,-18021000000.000000,2586000000.000000,2586000000.000000,48937000000.000000,10427000000.000000,0.733000,2.711000,146343000000.000000,2637000000.000000,143706000000.000000,146343000000.000000,4059000000.000000,19972000000.000000,0.000000,0.050000,1.110000,19779000000.000000,39751000000.000000,0.326000,39751000000.000000,19779000000.000000,12955000000.000000,1.230000,1.230000,1.230000,102351000000.000000,103874500000.000000,102351000000.000000,302430365294.000000,15.000000,7.608000,20232000000.000000,2.809000,1.000000,73123000000.000000,0.599000,195822000000.000000,6824000000.000000,300996000000.000000,301298250000.000000,2529000000.000000,281000000.000000,0.000000,281000000.000000,277437000000.000000,40658000000.000000,236779000000.000000,-4933000000.000000,-739000000.000000,-204000000.000000,-13902000000.000000,-8191000000.000000,-25185000000.000000,-18001000000.000000,1294000000.000000,38253000000.000000,0.000000,9056000000.000000,8850000000.000000,8850000000.000000,0.000000,1371000000.000000,0.073000,54129000000.000000,18994000000.000000,31935000000.000000,0.902000,1.541000,17.824000,17.886000,148743000000.000000,206000000.000000,22.000000,1.292000,1.298000,9068000000.000000,-185000000.000000,122060000000.000000,122060000000.000000,0.000000,0.022000,0.085000,0.066000,0.162000,0.000000,28507000000.000000,1.000000,7170243877.000000,7202000000.000000,,16.948000,197897000000.000000,0.000000,3899000000.000000,58461000000.000000,27.478000
MRT,2024-12-31,2024-12-31,2024-12-31,2024-Q4,-15704000000.000000,163381334105.000000,2025-04-29,795000000.000000,394795000000.000000,396492000000.000000,31168000000.000000,363627000000.000000,0.309000,14.546000,-20263000000.000000,3298000000.000000,3298000000.000000,49221000000.000000,12253000000.000000,0.665000,2.650000,140923000000.000000,5089000000.000000,135834000000.000000,140923000000.000000,4099000000.000000,20580000000.000000,0.000000,0.049000,1.110000,22152000000.000000,42732000000.000000,0.349000,42732000000.000000,22152000000.000000,15393000000.000000,1.490000,1.490000,1.490000,104372000000.000000,104143250000.000000,104372000000.000000,307138334105.000000,14.000000,7.188000,18508000000.000000,2.579000,1.000000,73115000000.000000,0.598000,195722000000.000000,6759000000.000000,289826000000.000000,297816250000.000000,2270000000.000000,295000000.000000,0.000000,295000000.000000,276550000000.000000,46872000000.000000,229678000000.000000,-3427000000.000000,623000000.000000,-200000000.000000,-14066000000.000000,-8208000000.000000,-24708000000.000000,-17490000000.000000,2575000000.000000,38771000000.000000,0.000000,10948000000.000000,10746000000.000000,10746000000.000000,0.000000,1305000000.000000,0.088000,54066000000.000000,19049000000.000000,35657000000.000000,0.745000,1.565000,15.204000,15.282000,149780000000.000000,202000000.000000,22.770000,1.336000,1.336000,9638000000.000000,1871000000.000000,122336000000.000000,122336000000.000000,0.000000,0.027000,0.103000,0.074000,0.181000,0.000000,28411000000.000000,1.000000,7175289157.000000,7175289157.000000,,17.050000,199073000000.000000,0.000000,4445000000.000000,58939000000.000000,27.744000
MRT,2025-03-31,2025-03-31,2025-03-31,2025-Q1,-14219000000.000000,202999015240.000000,2025-04-29,-142000000.000000,397467000000.000000,396001750000.000000,33780000000.000000,363687000000.000000,0.310000,14.383000,-20782000000.000000,6885000000.000000,6885000000.000000,49300000000.000000,13194000000.000000,0.704000,2.676000,143594000000.000000,8902000000.000000,134692000000.000000,143594000000.000000,3951000000.000000,20723000000.000000,0.000000,0.039000,1.113000,23173000000.000000,43896000000.000000,0.357000,43896000000.000000,23173000000.000000,16480000000.000000,1.630000,1.630000,1.630000,103744000000.000000,103944250000.000000,103744000000.000000,340624015240.000000,15.000000,7.760000,19491000000.000000,2.702000,1.000000,73634000000.000000,0.599000,196031000000.000000,6693000000.000000,290146000000.000000,295210000000.000000,2593000000.000000,942000000.000000,0.000000,942000000.000000,277609000000.000000,47999000000.000000,229610000000.000000,3340000000.000000,623000000.000000,-244000000.000000,-7741000000.000000,-8265000000.000000,-17446000000.000000,-19487000000.000000,1541000000.000000,40273000000.000000,0.000000,11854000000.000000,11746000000.000000,11746000000.000000,0.000000,1340000000.000000,0.096000,54678000000.000000,18956000000.000000,33113000000.000000,0.683000,1.957000,17.282000,17.350000,149459000000.000000,108000000.000000,28.280000,1.651000,1.659000,9228000000.000000,4215000000.000000,122934000000.000000,122934000000.000000,0.000000,0.030000,0.113000,0.078000,0.188000,0.000000,28535000000.000000,1.000000,7178183000.000000,7213000000.000000,,17.043000,201436000000.000000,0.000000,4626000000.000000,59144000000.000000,27.927000
MRY,1994-12-31,1994-12-31,1994-12-31,1994-FY,,,2025-04-29,,,,,,,,-2350000000.000000,,,3747000000.000000,1649000000.000000,,,,,,,,2038000000.000000,,0.039000,0.782000,2914000000.000000,4952000000.000000,0.421000,4952000000.000000,2914000000.000000,2434000000.000000,1.370000,,1.370000,,,,,,,1618000000.000000,1.346000,1.000000,8025000000.000000,0.682000,,480000000.000000,,,,,,,,,,-253000000.000000,-1063000000.000000,-389000000.000000,353000000.000000,-837000000.000000,-873000000.000000,-3348000000.000000,65000000.000000,3968000000.000000,0.000000,1649000000.000000,1649000000.000000,1649000000.000000,0.000000,0.000000,0.140000,5263000000.000000,2762000000.000000,,0.571000,,,14.737000,,0.000000,20.190000,,2.062000,,,11772000000.000000,11772000000.000000,0.000000,,,,0.248000,0.000000,3225000000.000000,1.000000,,1202000000.000000,,9.794000,,,785000000.000000,,
MRY,1995-12-31,1995-12-31,1995-12-31,1995-FY,-1377000000.000000,,2025-04-29,-581000000.000000,22002000000.000000,,3679000000.000000,18323000000.000000,,5.136000,-4338000000.000000,490000000.000000,490000000.000000,7864000000.000000,-3064000000.000000,0.728000,2.517000,7352000000.000000,1680000000.000000,5672000000.000000,7352000000.000000,0.000000,4034000000.000000,0.000000,0.029000,0.817000,-588000000.000000,3446000000.000000,0.159000,3446000000.000000,-588000000.000000,-1545000000.000000,-0.830000,-0.830000,-0.830000,6256000000.000000,,6256000000.000000,,,,2452000000.000000,2.013000,1.000000,13848000000.000000,0.638000,2679000000.000000,957000000.000000,21129000000.000000,,131000000.000000,1896000000.000000,310000000.000000,1586000000.000000,15746000000.000000,5056000000.000000,10690000000.000000,67000000.000000,-1226000000.000000,-60000000.000000,1297000000.000000,-1814000000.000000,-1042000000.000000,-5681000000.000000,-117000000.000000,6790000000.000000,0.000000,-3064000000.000000,-3064000000.000000,-3064000000.000000,0.000000,0.000000,-0.141000,8728000000.000000,5120000000.000000,3125000000.000000,-0.984000,,,-34.488000,12988000000.000000,0.000000,28.625000,,1.606000,2389000000.000000,672000000.000000,21712000000.000000,21712000000.000000,0.000000,,,,-0.027000,0.000000,4694000000.000000,1.000000,,1218000000.000000,,17.826000,19323000000.000000,0.000000,1519000000.000000,1010000000.000000,15.865000
MRY,1996-12-31,1996-12-31,1996-12-31,1996-FY,-3041000000.000000,31067950612.000000,2025-04-29,-637000000.000000,39485000000.000000,30743500000.000000,6271000000.000000,33214000000.000000,0.820000,7.942000,-5855000000.000000,314000000.000000,314000000.000000,14510000000.000000,3477000000.000000,0.673000,3.096000,13265000000.000000,2335000000.000000,10930000000.000000,13265000000.000000,0.000000,4466000000.000000,0.000000,0.033000,0.852000,6448000000.000000,10914000000.000000,0.433000,10914000000.000000,6448000000.000000,5547000000.000000,1.780000,1.770000,1.780000,9641000000.000000,7948500000.000000,9641000000.000000,,,,2046000000.000000,1.685000,1.000000,10692000000.000000,0.424000,3589000000.000000,901000000.000000,39535000000.000000,30332000000.000000,0.000000,2396000000.000000,432000000.000000,1964000000.000000,29844000000.000000,9312000000.000000,20532000000.000000,-253000000.000000,-420000000.000000,-487000000.000000,-354000000.000000,-1765000000.000000,-1709000000.000000,-6445000000.000000,-189000000.000000,7901000000.000000,0.000000,3477000000.000000,3477000000.000000,3477000000.000000,0.000000,0.000000,0.138000,4466000000.000000,6226000000.000000,6584000000.000000,0.479000,3.222000,8.935000,14.573000,26080000000.000000,0.000000,25.940000,1.233000,1.250000,4684000000.000000,1297000000.000000,25202000000.000000,25202000000.000000,0.000000,0.113000,0.437000,0.213000,0.256000,0.000000,0.000000,1.000000,1197685066.000000,1214000000.000000,,20.759000,35896000000.000000,201000000.000000,2070000000.000000,1351000000.000000,29.568000
MRY,1997-12-31,1997-12-31,1997-12-31,1997-FY,-3393000000.000000,67140069096.000000,2025-04-29,-574000000.000000,44836000000.000000,37968750000.000000,7517000000.000000,37319000000.000000,1.135000,5.739000,-8856000000.000000,410000000.000000,410000000.000000,27727000000.000000,4087000000.000000,0.689000,3.262000,15315000000.000000,2139000000.000000,13176000000.000000,15315000000.000000,0.000000,7777000000.000000,0.000000,0.024000,0.887000,8088000000.000000,15865000000.000000,0.368000,15865000000.000000,8088000000.000000,6538000000.000000,1.210000,1.200000,1.210000,10520000000.000000,9060750000.000000,10520000000.000000,81519069096.000000,10.000000,5.138000,2723000000.000000,1.485000,1.000000,15379000000.000000,0.357000,3663000000.000000,1550000000.000000,45168000000.000000,37372750000.000000,0.000000,3060000000.000000,320000000.000000,2740000000.000000,34316000000.000000,10910000000.000000,23406000000.000000,180000000.000000,-1219000000.000000,499000000.000000,760000000.000000,-2966000000.000000,-1450000000.000000,-9949000000.000000,113000000.000000,11579000000.000000,0.000000,4087000000.000000,4087000000.000000,4087000000.000000,0.000000,0.000000,0.095000,7777000000.000000,7602000000.000000,8330000000.000000,0.733000,6.382000,16.428000,30.269000,29068000000.000000,0.000000,36.625000,1.558000,1.558000,5344000000.000000,1204000000.000000,43106000000.000000,43106000000.000000,0.000000,0.108000,0.451000,0.216000,0.188000,0.000000,0.000000,1.000000,1833175948.000000,1833175948.000000,,23.514000,41173000000.000000,660000000.000000,2451000000.000000,2000000000.000000,22.460000
MRY,1998-12-31,1998-12-31,1998-12-31,1998-FY,-5543000000.000000,104901132663.000000,2025-04-29,-822000000.000000,74966000000.000000,50552250000.000000,12697000000.000000,62269000000.000000,0.915000,11.643000,-8882000000.000000,599000000.000000,599000000.000000,27177000000.000000,7690000000.000000,0.696000,2.292000,21348000000.000000,4178000000.000000,17170000000.000000,21348000000.000000,0.000000,7841000000.000000,0.000000,0.017000,0.925000,13675000000.000000,21516000000.000000,0.465000,21516000000.000000,13675000000.000000,12070000000.000000,2.260000,2.230000,2.260000,22774000000.000000,13899750000.000000,22774000000.000000,116969132663.000000,9.000000,5.436000,4099000000.000000,2.096000,1.000000,19064000000.000000,0.412000,5161000000.000000,1605000000.000000,72314000000.000000,49977500000.000000,0.000000,7412000000.000000,0.000000,7412000000.000000,52192000000.000000,18240000000.000000,33952000000.000000,-50000000.000000,-611000000.000000,274000000.000000,-565000000.000000,-3131000000.000000,-3862000000.000000,-9169000000.000000,313000000.000000,12981000000.000000,0.000000,7690000000.000000,7690000000.000000,7690000000.000000,0.000000,0.000000,0.166000,7841000000.000000,11223000000.000000,13253000000.000000,0.409000,4.606000,13.641000,23.730000,44194000000.000000,0.000000,53.630000,2.269000,2.269000,9783000000.000000,8948000000.000000,46241000000.000000,46241000000.000000,0.000000,0.152000,0.553000,0.274000,0.296000,0.000000,0.000000,1.000000,1956015899.000000,1956015899.000000,,23.640000,69805000000.000000,685000000.000000,4380000000.000000,3320000000.000000,35.687000
MRY,1999-12-31,1999-12-31,1999-12-31,1999-FY,-7383000000.000000,166304775439.000000,2025-04-29,-1062000000.000000,83215000000.000000,55951750000.000000,11930000000.000000,71285000000.000000,0.885000,7.834000,-10304000000.000000,495000000.000000,495000000.000000,29380000000.000000,8159000000.000000,0.618000,2.114000,20849000000.000000,3374000000.000000,17475000000.000000,20849000000.000000,0.000000,8553000000.000000,0.000000,0.020000,0.965000,13869000000.000000,22422000000.000000,0.453000,22422000000.000000,13869000000.000000,12439000000.000000,2.390000,2.360000,2.390000,26726000000.000000,17486750000.000000,26726000000.000000,179925775439.000000,13.000000,8.025000,6370000000.000000,1.867000,1.000000,20151000000.000000,0.407000,6796000000.000000,1430000000.000000,77460000000.000000,53346250000.000000,0.000000,10648000000.000000,0.000000,10648000000.000000,56489000000.000000,19313000000.000000,37176000000.000000,-104000000.000000,-376000000.000000,-538000000.000000,-2350000000.000000,-3287000000.000000,-6105000000.000000,-10673000000.000000,5000000.000000,16674000000.000000,0.000000,8159000000.000000,8159000000.000000,8159000000.000000,0.000000,0.000000,0.165000,8553000000.000000,11598000000.000000,11717000000.000000,0.404000,6.223000,20.383000,20.397000,46571000000.000000,0.000000,48.750000,3.358000,3.358000,9378000000.000000,13798000000.000000,49531000000.000000,49531000000.000000,0.000000,0.146000,0.467000,0.260000,0.280000,0.000000,0.000000,1.000000,3411380009.000000,3411380009.000000,,14.519000,76419000000.000000,767000000.000000,4280000000.000000,8596000000.000000,22.401000
MRY,2000-12-31,2000-12-31,2000-12-31,2000-FY,-16709000000.000000,161632371362.000000,2025-04-29,-1307000000.000000,98651000000.000000,93454750000.000000,13648000000.000000,85003000000.000000,0.550000,8.999000,-13124000000.000000,643000000.000000,643000000.000000,31156000000.000000,7800000000.000000,0.450000,2.238000,25962000000.000000,10470000000.000000,15492000000.000000,25962000000.000000,0.000000,9748000000.000000,0.000000,0.021000,1.005000,14208000000.000000,23956000000.000000,0.466000,23956000000.000000,14208000000.000000,12616000000.000000,2.300000,2.320000,2.300000,30463000000.000000,29239750000.000000,30463000000.000000,186390371362.000000,13.000000,7.781000,942000000.000000,0.278000,1.000000,20218000000.000000,0.394000,3719000000.000000,1592000000.000000,89894000000.000000,82116500000.000000,0.000000,21946000000.000000,0.000000,21946000000.000000,68188000000.000000,30357000000.000000,37831000000.000000,148000000.000000,-506000000.000000,-1523000000.000000,5128000000.000000,-3418000000.000000,252000000.000000,-14170000000.000000,-539000000.000000,14066000000.000000,0.000000,7800000000.000000,7800000000.000000,7800000000.000000,0.000000,0.000000,0.152000,9748000000.000000,10470000000.000000,15432000000.000000,0.437000,5.306000,20.722000,20.761000,47195000000.000000,0.000000,47.750000,3.146000,3.146000,10144000000.000000,18341000000.000000,51374000000.000000,51374000000.000000,0.000000,0.083000,0.267000,0.173000,0.277000,0.000000,0.000000,1.000000,3384971128.000000,3384971128.000000,,15.177000,94932000000.000000,671000000.000000,4816000000.000000,10716000000.000000,28.045000
MRY,2001-12-31,2001-12-31,2001-12-31,2001-FY,-11368000000.000000,131672330504.000000,2025-04-29,-1589000000.000000,96322000000.000000,96324000000.000000,12580000000.000000,83742000000.000000,0.477000,9.793000,-11189000000.000000,703000000.000000,703000000.000000,16940000000.000000,7008000000.000000,0.525000,1.926000,26166000000.000000,9033000000.000000,17133000000.000000,26166000000.000000,0.000000,9077000000.000000,0.000000,0.026000,1.023000,12549000000.000000,21626000000.000000,0.471000,21626000000.000000,12549000000.000000,10950000000.000000,2.080000,2.070000,2.080000,32919000000.000000,31750500000.000000,32919000000.000000,156469330504.000000,12.000000,7.235000,3616000000.000000,1.076000,1.000000,28968000000.000000,0.631000,3577000000.000000,1599000000.000000,94260000000.000000,93214500000.000000,0.000000,17891000000.000000,0.000000,17891000000.000000,63403000000.000000,23948000000.000000,39455000000.000000,60000000.000000,2291000000.000000,-1745000000.000000,274000000.000000,-3456000000.000000,-6358000000.000000,-8387000000.000000,510000000.000000,14805000000.000000,0.000000,7008000000.000000,7008000000.000000,7008000000.000000,0.000000,0.000000,0.153000,18460000000.000000,10508000000.000000,11459000000.000000,0.492000,4.000000,18.789000,18.832000,49827000000.000000,0.000000,39.170000,2.868000,2.868000,9376000000.000000,21737000000.000000,45908000000.000000,45908000000.000000,0.000000,0.073000,0.221000,0.135000,0.273000,0.000000,9383000000.000000,1.000000,3361560646.000000,3361560646.000000,,13.657000,92745000000.000000,713000000.000000,3942000000.000000,11022000000.000000,27.590000
MRY,2002-12-31,2002-12-31,2002-12-31,2002-FY,-594000000.000000,90010715204.000000,2025-04-29,-2451000000.000000,95057000000.000000,94364500000.000000,14089000000.000000,80968000000.000000,0.454000,9.999000,-6808000000.000000,3567000000.000000,3567000000.000000,16474000000.000000,5653000000.000000,0.960000,1.863000,22041000000.000000,3505000000.000000,18536000000.000000,22041000000.000000,0.000000,8578000000.000000,0.000000,0.039000,1.066000,9945000000.000000,18523000000.000000,0.433000,18523000000.000000,9945000000.000000,8563000000.000000,1.700000,1.690000,1.700000,33199000000.000000,32063500000.000000,33199000000.000000,113204715204.000000,11.000000,6.112000,8328000000.000000,2.508000,1.000000,26347000000.000000,0.615000,1643000000.000000,1382000000.000000,97205000000.000000,97340000000.000000,0.000000,16356000000.000000,1000000.000000,16355000000.000000,61858000000.000000,14683000000.000000,47175000000.000000,2867000000.000000,3479000000.000000,-1309000000.000000,-4139000000.000000,-3557000000.000000,-9018000000.000000,-3328000000.000000,1000000.000000,15136000000.000000,0.000000,5653000000.000000,5653000000.000000,5653000000.000000,-112000000.000000,0.000000,0.132000,17909000000.000000,8438000000.000000,9413000000.000000,0.627000,2.711000,15.923000,15.947000,48490000000.000000,0.000000,27.110000,2.102000,2.102000,8540000000.000000,23802000000.000000,42821000000.000000,42821000000.000000,0.000000,0.060000,0.176000,0.102000,0.232000,0.000000,9331000000.000000,1.000000,3320203438.000000,3320203438.000000,,12.897000,93414000000.000000,704000000.000000,2910000000.000000,11840000000.000000,28.135000
MRY,2003-12-31,2003-12-31,2003-12-31,2003-FY,-277000000.000000,86309153969.000000,2025-04-29,-1132000000.000000,100233000000.000000,100589500000.000000,14023000000.000000,86210000000.000000,0.403000,11.553000,-5219000000.000000,4806000000.000000,4806000000.000000,16857000000.000000,8505000000.000000,0.981000,1.621000,17976000000.000000,1879000000.000000,16097000000.000000,17976000000.000000,0.000000,7870000000.000000,0.000000,0.052000,1.368000,12553000000.000000,20423000000.000000,0.504000,20423000000.000000,12553000000.000000,11362000000.000000,2.560000,2.560000,2.560000,38248000000.000000,38142750000.000000,38248000000.000000,99626153969.000000,8.000000,4.878000,8187000000.000000,2.473000,1.000000,23641000000.000000,0.584000,1611000000.000000,1191000000.000000,97492000000.000000,97400500000.000000,0.000000,18305000000.000000,378000000.000000,17927000000.000000,61985000000.000000,14300000000.000000,47685000000.000000,1235000000.000000,3012000000.000000,-388000000.000000,-4296000000.000000,-4539000000.000000,-9222000000.000000,-3105000000.000000,-898000000.000000,13406000000.000000,0.000000,8505000000.000000,8505000000.000000,8505000000.000000,-112000000.000000,0.000000,0.210000,17357000000.000000,6284000000.000000,10658000000.000000,0.534000,2.257000,10.148000,10.184000,52128000000.000000,0.000000,26.070000,2.131000,2.131000,6160000000.000000,27635000000.000000,40498000000.000000,40498000000.000000,0.000000,0.085000,0.223000,0.129000,0.310000,-1000000.000000,9487000000.000000,1.000000,3310669504.000000,3310669504.000000,,12.233000,98622000000.000000,741000000.000000,2857000000.000000,15692000000.000000,29.789000
MRY,2004-12-31,2004-12-31,2004-12-31,2004-FY,-10393000000.000000,85438216435.000000,2025-04-29,-550000000.000000,110265000000.000000,103273000000.000000,9962000000.000000,100303000000.000000,0.395000,12.217000,-5099000000.000000,760000000.000000,760000000.000000,17383000000.000000,5887000000.000000,0.489000,1.722000,26965000000.000000,5734000000.000000,21231000000.000000,26965000000.000000,0.000000,7564000000.000000,0.000000,0.049000,1.250000,9096000000.000000,16660000000.000000,0.408000,16660000000.000000,9096000000.000000,8073000000.000000,1.780000,1.770000,1.780000,40504000000.000000,39850750000.000000,40504000000.000000,90390216435.000000,10.000000,5.426000,5856000000.000000,1.766000,1.000000,23404000000.000000,0.574000,2054000000.000000,1023000000.000000,114061000000.000000,98296000000.000000,0.000000,35485000000.000000,0.000000,35485000000.000000,69761000000.000000,20355000000.000000,49406000000.000000,-4046000000.000000,-16112000000.000000,-232000000.000000,8978000000.000000,-4141000000.000000,4605000000.000000,-20747000000.000000,464000000.000000,10955000000.000000,0.000000,5887000000.000000,5887000000.000000,5887000000.000000,-908000000.000000,0.000000,0.144000,17503000000.000000,5901000000.000000,11459000000.000000,0.702000,2.109000,14.513000,14.478000,50046000000.000000,0.000000,25.770000,2.095000,2.095000,6901000000.000000,28806000000.000000,40787000000.000000,40787000000.000000,0.000000,0.057000,0.148000,0.093000,0.223000,0.000000,9939000000.000000,1.000000,3315413909.000000,3315413909.000000,,12.302000,108211000000.000000,566000000.000000,2186000000.000000,17596000000.000000,32.639000
MRY,2005-12-31,2005-12-31,2005-12-31,2005-FY,-10764000000.000000,80358737316.000000,2025-04-29,-574000000.000000,145632000000.000000,115581250000.000000,14654000000.000000,130978000000.000000,0.379000,16.667000,-5576000000.000000,1224000000.000000,1224000000.000000,19173000000.000000,4786000000.000000,0.577000,1.663000,30570000000.000000,4455000000.000000,26115000000.000000,30570000000.000000,0.000000,7643000000.000000,0.000000,0.053000,1.290000,7174000000.000000,14817000000.000000,0.339000,14817000000.000000,7174000000.000000,5718000000.000000,1.420000,1.420000,1.420000,54690000000.000000,43939750000.000000,54690000000.000000,103133737316.000000,14.000000,6.961000,7398000000.000000,2.255000,1.000000,24591000000.000000,0.562000,22558000000.000000,1456000000.000000,127002000000.000000,114445500000.000000,0.000000,33435000000.000000,0.000000,33435000000.000000,90942000000.000000,25418000000.000000,65524000000.000000,464000000.000000,2030000000.000000,-1411000000.000000,-4828000000.000000,-4256000000.000000,-11226000000.000000,-974000000.000000,2572000000.000000,12974000000.000000,0.000000,4786000000.000000,4786000000.000000,4786000000.000000,0.000000,0.000000,0.109000,18423000000.000000,6168000000.000000,17088000000.000000,0.908000,1.469000,16.790000,17.246000,58727000000.000000,0.000000,24.490000,1.836000,1.836000,9351000000.000000,29106000000.000000,43764000000.000000,43764000000.000000,0.000000,0.041000,0.109000,0.063000,0.164000,-3000000.000000,10780000000.000000,1.000000,3281287763.000000,3281287763.000000,,13.337000,123074000000.000000,2011000000.000000,932000000.000000,18508000000.000000,37.508000
MRY,2006-12-31,2006-12-31,2006-12-31,2006-FY,-14929000000.000000,137383753436.000000,2025-04-29,-5314000000.000000,270634000000.000000,175828250000.000000,25553000000.000000,245081000000.000000,0.359000,30.066000,-8320000000.000000,2418000000.000000,2418000000.000000,28854000000.000000,7356000000.000000,0.631000,1.342000,59796000000.000000,9733000000.000000,50063000000.000000,59796000000.000000,3402000000.000000,9907000000.000000,0.000000,0.037000,1.330000,12724000000.000000,22631000000.000000,0.359000,22631000000.000000,12724000000.000000,10881000000.000000,1.890000,1.890000,1.890000,115540000000.000000,70374750000.000000,115540000000.000000,167644753436.000000,13.000000,7.408000,7368000000.000000,1.917000,1.000000,34201000000.000000,0.542000,127397000000.000000,1843000000.000000,160133000000.000000,136775250000.000000,0.000000,1995000000.000000,0.000000,1995000000.000000,155094000000.000000,40482000000.000000,114612000000.000000,1194000000.000000,1124000000.000000,-2089000000.000000,898000000.000000,-5153000000.000000,-6128000000.000000,-8366000000.000000,-1104000000.000000,15688000000.000000,0.000000,7356000000.000000,7356000000.000000,7356000000.000000,0.000000,0.000000,0.117000,23913000000.000000,10288000000.000000,22106000000.000000,0.704000,1.189000,18.676000,18.915000,94596000000.000000,0.000000,35.750000,2.179000,2.179000,16194000000.000000,30375000000.000000,63055000000.000000,63055000000.000000,0.000000,0.042000,0.105000,0.093000,0.202000,-18000000.000000,14006000000.000000,1.000000,3842902194.000000,3842902194.000000,,16.408000,143237000000.000000,3034000000.000000,3525000000.000000,30613000000.000000,37.273000
MRY,2007-12-31,2007-12-31,2007-12-31,2007-FY,-14588000000.000000,252051376060.000000,2025-04-29,-380000000.000000,275644000000.000000,269808500000.000000,24686000000.000000,250958000000.000000,0.441000,19.023000,-17717000000.000000,1970000000.000000,1970000000.000000,46801000000.000000,12147000000.000000,0.629000,1.389000,64115000000.000000,6860000000.000000,57255000000.000000,64115000000.000000,3571000000.000000,21577000000.000000,0.000000,0.034000,1.420000,21710000000.000000,43287000000.000000,0.364000,43287000000.000000,21710000000.000000,18203000000.000000,1.950000,1.940000,1.950000,115367000000.000000,113052000000.000000,115367000000.000000,309948376060.000000,14.000000,7.160000,16525000000.000000,2.725000,1.000000,72127000000.000000,0.606000,129115000000.000000,3507000000.000000,169400000000.000000,165661000000.000000,0.000000,2270000000.000000,0.000000,2270000000.000000,160277000000.000000,39274000000.000000,121003000000.000000,-448000000.000000,-1279000000.000000,-8404000000.000000,1184000000.000000,-8743000000.000000,-16014000000.000000,-18676000000.000000,455000000.000000,34242000000.000000,0.000000,11951000000.000000,11951000000.000000,11951000000.000000,0.000000,196000000.000000,0.100000,51723000000.000000,20404000000.000000,21399000000.000000,0.728000,2.185000,21.090000,21.313000,95890000000.000000,0.000000,41.560000,2.119000,2.119000,16185000000.000000,33297000000.000000,118928000000.000000,118928000000.000000,0.000000,0.044000,0.106000,0.131000,0.183000,-173000000.000000,30146000000.000000,1.000000,6064758808.000000,6064758808.000000,,19.610000,146529000000.000000,2044000000.000000,6252000000.000000,29966000000.000000,24.161000
MRY,2008-12-31,2008-12-31,2008-12-31,2008-FY,-19734000000.000000,167950500000.000000,2025-04-29,-17057000000.000000,265245000000.000000,278120000000.000000,22556000000.000000,242689000000.000000,0.444000,16.349000,-19631000000.000000,1792000000.000000,1792000000.000000,56688000000.000000,-2364000000.000000,0.533000,1.749000,74991000000.000000,14119000000.000000,60872000000.000000,74991000000.000000,3849000000.000000,19673000000.000000,0.000000,0.056000,1.600000,-1466000000.000000,18207000000.000000,0.147000,18207000000.000000,-1466000000.000000,-4835000000.000000,-0.440000,-0.440000,-0.440000,96347000000.000000,108265000000.000000,96347000000.000000,243130500000.000000,-166.000000,13.354000,13979000000.000000,2.372000,1.000000,66755000000.000000,0.541000,135541000000.000000,3369000000.000000,160613000000.000000,174227000000.000000,0.000000,2332000000.000000,0.000000,2332000000.000000,168495000000.000000,42290000000.000000,126205000000.000000,-178000000.000000,-9357000000.000000,-5758000000.000000,10424000000.000000,-9507000000.000000,-4690000000.000000,-29098000000.000000,504000000.000000,33610000000.000000,0.000000,-2625000000.000000,-2625000000.000000,-2625000000.000000,2000000.000000,261000000.000000,-0.021000,68445000000.000000,-1690000000.000000,20032000000.000000,-3.636000,1.743000,-63.981000,-64.773000,99088000000.000000,0.000000,28.500000,1.361000,1.361000,16047000000.000000,36591000000.000000,123443000000.000000,123443000000.000000,0.000000,-0.009000,-0.024000,-0.008000,-0.012000,0.000000,48772000000.000000,1.000000,5893000000.000000,5893000000.000000,,20.947000,129704000000.000000,1014000000.000000,-2210000000.000000,21070000000.000000,22.010000
MRY,2009-12-31,2009-12-31,2009-12-31,2009-FY,-11764000000.000000,165405030000.000000,2025-04-29,2678000000.000000,268312000000.000000,266789000000.000000,25187000000.000000,243125000000.000000,0.459000,17.211000,-16554000000.000000,3741000000.000000,3741000000.000000,50639000000.000000,12447000000.000000,0.682000,1.638000,72081000000.000000,7361000000.000000,64720000000.000000,72081000000.000000,4170000000.000000,19515000000.000000,0.000000,0.059000,1.640000,21597000000.000000,41112000000.000000,0.336000,41112000000.000000,21597000000.000000,18229000000.000000,2.060000,2.050000,2.060000,101564000000.000000,99259250000.000000,101564000000.000000,231902030000.000000,11.000000,5.641000,17851000000.000000,3.025000,1.000000,71874000000.000000,0.587000,134410000000.000000,3368000000.000000,165291000000.000000,165625750000.000000,0.000000,2921000000.000000,0.000000,2921000000.000000,166323000000.000000,36951000000.000000,129372000000.000000,2014000000.000000,-696000000.000000,28000000.000000,-4401000000.000000,-9670000000.000000,-14508000000.000000,-17883000000.000000,55000000.000000,34405000000.000000,0.000000,12138000000.000000,12138000000.000000,12138000000.000000,-20000000.000000,309000000.000000,0.099000,50874000000.000000,21000000000.000000,21260000000.000000,0.796000,1.629000,13.627000,13.607000,99519000000.000000,0.000000,28.030000,1.350000,1.350000,14845000000.000000,21944000000.000000,122513000000.000000,122513000000.000000,0.000000,0.045000,0.122000,0.130000,0.176000,0.000000,31359000000.000000,1.000000,5901000000.000000,5901000000.000000,,20.761000,133902000000.000000,1247000000.000000,6091000000.000000,25260000000.000000,22.691000
MRY,2010-12-31,2010-12-31,2010-12-31,2010-FY,-14000000000.000000,173635800000.000000,2025-04-29,2712000000.000000,269391000000.000000,267975000000.000000,20854000000.000000,248537000000.000000,0.464000,18.891000,-19530000000.000000,1437000000.000000,1437000000.000000,50257000000.000000,20179000000.000000,0.598000,1.410000,66167000000.000000,7196000000.000000,58971000000.000000,66167000000.000000,4086000000.000000,19379000000.000000,0.000000,0.057000,1.680000,21696000000.000000,41075000000.000000,0.331000,41075000000.000000,21696000000.000000,18702000000.000000,3.360000,3.350000,3.360000,111647000000.000000,107427500000.000000,111647000000.000000,239355800000.000000,11.000000,5.827000,15692000000.000000,2.655000,1.000000,74023000000.000000,0.596000,134121000000.000000,2994000000.000000,165146000000.000000,164853250000.000000,0.000000,4515000000.000000,0.000000,4515000000.000000,157441000000.000000,34854000000.000000,122587000000.000000,-2076000000.000000,-1076000000.000000,50000000.000000,-5467000000.000000,-9916000000.000000,-15849000000.000000,-21449000000.000000,-100000000.000000,35222000000.000000,0.000000,19864000000.000000,19864000000.000000,19864000000.000000,-779000000.000000,315000000.000000,0.160000,54450000000.000000,19573000000.000000,20055000000.000000,0.500000,1.555000,8.741000,8.744000,103196000000.000000,0.000000,29.380000,1.397000,1.397000,13610000000.000000,31792000000.000000,124280000000.000000,124280000000.000000,0.000000,0.074000,0.185000,0.132000,0.175000,0.000000,34986000000.000000,1.000000,5910000000.000000,5910000000.000000,,21.029000,135270000000.000000,1170000000.000000,-1162000000.000000,23045000000.000000,22.888000
MRY,2011-12-31,2011-12-31,2011-12-31,2011-FY,-7907000000.000000,179202240000.000000,2025-04-29,3180000000.000000,270442000000.000000,272048500000.000000,22985000000.000000,247457000000.000000,0.466000,17.809000,-20110000000.000000,3045000000.000000,3045000000.000000,54904000000.000000,4184000000.000000,0.744000,1.560000,64753000000.000000,3453000000.000000,61300000000.000000,64753000000.000000,3872000000.000000,18377000000.000000,0.000000,0.057000,1.720000,10011000000.000000,28388000000.000000,0.224000,28388000000.000000,10011000000.000000,6476000000.000000,0.660000,0.660000,0.660000,105534000000.000000,111374000000.000000,105534000000.000000,239666240000.000000,24.000000,8.443000,14633000000.000000,2.469000,1.000000,71819000000.000000,0.567000,130185000000.000000,3535000000.000000,171073000000.000000,168915500000.000000,0.000000,3718000000.000000,0.000000,3718000000.000000,164645000000.000000,30892000000.000000,133753000000.000000,1844000000.000000,-1067000000.000000,237000000.000000,-1291000000.000000,-10172000000.000000,-11649000000.000000,-21250000000.000000,62000000.000000,34743000000.000000,0.000000,3944000000.000000,3944000000.000000,3944000000.000000,0.000000,240000000.000000,0.031000,62601000000.000000,9218000000.000000,19956000000.000000,2.606000,1.698000,45.437000,45.818000,107087000000.000000,0.000000,30.240000,1.414000,1.414000,13231000000.000000,25453000000.000000,126723000000.000000,126723000000.000000,0.000000,0.014000,0.035000,0.059000,0.079000,0.000000,41314000000.000000,1.000000,5926000000.000000,5926000000.000000,,21.384000,140257000000.000000,1470000000.000000,2532000000.000000,26751000000.000000,23.668000
MRY,2012-12-31,2012-12-31,2012-12-31,2012-FY,-9081000000.000000,191472800000.000000,2025-04-29,5236000000.000000,272315000000.000000,268703500000.000000,22706000000.000000,249609000000.000000,0.474000,16.261000,-19465000000.000000,4868000000.000000,4868000000.000000,55228000000.000000,7539000000.000000,0.714000,1.945000,69844000000.000000,3486000000.000000,66358000000.000000,69844000000.000000,4225000000.000000,18143000000.000000,0.000000,0.052000,1.760000,13608000000.000000,31751000000.000000,0.249000,31751000000.000000,13608000000.000000,10164000000.000000,1.250000,1.250000,1.250000,92362000000.000000,100374500000.000000,92362000000.000000,253002800000.000000,19.000000,7.968000,19711000000.000000,3.470000,1.000000,72206000000.000000,0.567000,128548000000.000000,3444000000.000000,176956000000.000000,171535500000.000000,0.000000,4581000000.000000,0.000000,4581000000.000000,179620000000.000000,31787000000.000000,147833000000.000000,1823000000.000000,-16000000.000000,-12275000000.000000,4754000000.000000,-10241000000.000000,-17673000000.000000,-19680000000.000000,65000000.000000,39176000000.000000,0.000000,7264000000.000000,7264000000.000000,7264000000.000000,0.000000,275000000.000000,0.057000,59209000000.000000,12997000000.000000,20494000000.000000,1.408000,2.073000,26.359000,26.968000,109767000000.000000,0.000000,33.710000,1.503000,1.503000,12657000000.000000,22481000000.000000,127434000000.000000,127434000000.000000,0.000000,0.027000,0.072000,0.079000,0.107000,0.000000,41066000000.000000,1.000000,5680000000.000000,5680000000.000000,,22.436000,143767000000.000000,1036000000.000000,2900000000.000000,29517000000.000000,25.311000
MRY,2013-12-31,2013-12-31,2013-12-31,2013-FY,-11799000000.000000,185222880000.000000,2025-04-29,7880000000.000000,277787000000.000000,273868250000.000000,23196000000.000000,254591000000.000000,0.470000,17.272000,-20944000000.000000,3339000000.000000,3339000000.000000,51191000000.000000,18722000000.000000,0.663000,2.048000,74788000000.000000,5498000000.000000,69290000000.000000,74788000000.000000,4212000000.000000,18395000000.000000,0.000000,0.051000,1.800000,31686000000.000000,50081000000.000000,0.389000,50081000000.000000,31686000000.000000,27746000000.000000,3.420000,3.420000,3.420000,90988000000.000000,87670250000.000000,90988000000.000000,260074880000.000000,8.000000,5.193000,13852000000.000000,2.629000,1.000000,77561000000.000000,0.602000,131485000000.000000,3940000000.000000,182756000000.000000,181961250000.000000,0.000000,3860000000.000000,0.000000,3860000000.000000,186305000000.000000,34995000000.000000,151310000000.000000,-1529000000.000000,-2190000000.000000,-12914000000.000000,9158000000.000000,-9696000000.000000,-13201000000.000000,-23124000000.000000,301000000.000000,34796000000.000000,0.000000,18418000000.000000,18418000000.000000,18418000000.000000,0.000000,304000000.000000,0.143000,46809000000.000000,30752000000.000000,21107000000.000000,0.526000,2.036000,10.057000,10.281000,110968000000.000000,0.000000,35.160000,1.439000,1.439000,12918000000.000000,31141000000.000000,128752000000.000000,128752000000.000000,0.000000,0.067000,0.210000,0.174000,0.246000,0.000000,28414000000.000000,1.000000,5268000000.000000,5268000000.000000,,24.440000,146302000000.000000,1199000000.000000,9328000000.000000,38082000000.000000,27.772000
MRY,2014-12-31,2014-12-31,2014-12-31,2014-FY,-3676000000.000000,174231330000.000000,2025-04-29,8061000000.000000,296834000000.000000,290894750000.000000,33606000000.000000,263228000000.000000,0.455000,17.296000,-21199000000.000000,8603000000.000000,8603000000.000000,60145000000.000000,6736000000.000000,0.901000,2.302000,81834000000.000000,6056000000.000000,75778000000.000000,81834000000.000000,4105000000.000000,18273000000.000000,0.000000,0.055000,1.840000,13674000000.000000,31947000000.000000,0.241000,31947000000.000000,13674000000.000000,10061000000.000000,1.240000,1.240000,1.240000,89716000000.000000,91341750000.000000,89716000000.000000,247398330000.000000,18.000000,7.744000,10139000000.000000,1.955000,1.000000,72302000000.000000,0.546000,136655000000.000000,3613000000.000000,196128000000.000000,188085000000.000000,0.000000,250000000.000000,0.000000,250000000.000000,206564000000.000000,37282000000.000000,169282000000.000000,5264000000.000000,4982000000.000000,-1578000000.000000,5617000000.000000,-9552000000.000000,-7737000000.000000,-18337000000.000000,-1890000000.000000,31338000000.000000,0.000000,6442000000.000000,6442000000.000000,6442000000.000000,0.000000,294000000.000000,0.049000,60090000000.000000,12212000000.000000,23592000000.000000,1.484000,1.942000,27.046000,27.089000,112898000000.000000,0.000000,33.590000,1.315000,1.315000,14527000000.000000,31081000000.000000,132447000000.000000,132447000000.000000,0.000000,0.022000,0.071000,0.073000,0.103000,0.000000,39697000000.000000,1.000000,5187000000.000000,5187000000.000000,,25.534000,160179000000.000000,0.000000,3619000000.000000,39527000000.000000,30.881000
MRY,2015-12-31,2015-12-31,2015-12-31,2015-FY,-11824000000.000000,211690320000.000000,2025-04-29,5334000000.000000,402672000000.000000,359294500000.000000,35992000000.000000,366680000000.000000,0.409000,19.940000,-19218000000.000000,5121000000.000000,5121000000.000000,67046000000.000000,13687000000.000000,0.753000,2.275000,126151000000.000000,7636000000.000000,118515000000.000000,126151000000.000000,4682000000.000000,22016000000.000000,0.000000,0.055000,1.880000,24470000000.000000,46486000000.000000,0.317000,46486000000.000000,24470000000.000000,20350000000.000000,2.370000,2.370000,2.370000,122671000000.000000,104463250000.000000,122671000000.000000,332418320000.000000,14.000000,7.151000,16662000000.000000,2.708000,1.000000,79755000000.000000,0.543000,225278000000.000000,4120000000.000000,250608000000.000000,230506250000.000000,0.000000,1606000000.000000,0.000000,1606000000.000000,279032000000.000000,47816000000.000000,231216000000.000000,-3482000000.000000,-30676000000.000000,-126000000.000000,23927000000.000000,-10200000000.000000,9782000000.000000,-49144000000.000000,1545000000.000000,35880000000.000000,0.000000,13345000000.000000,13345000000.000000,13345000000.000000,0.000000,342000000.000000,0.091000,54970000000.000000,24785000000.000000,30372000000.000000,0.793000,1.726000,15.863000,14.519000,124450000000.000000,0.000000,34.410000,1.442000,1.442000,16532000000.000000,33671000000.000000,146801000000.000000,146801000000.000000,0.000000,0.037000,0.128000,0.106000,0.167000,0.000000,32919000000.000000,1.000000,6152000000.000000,6152000000.000000,,23.862000,177394000000.000000,0.000000,7005000000.000000,58357000000.000000,28.835000
MRY,2016-12-31,2016-12-31,2016-12-31,2016-FY,-12207000000.000000,261176730000.000000,2025-04-29,4961000000.000000,403821000000.000000,403060500000.000000,38369000000.000000,365452000000.000000,0.406000,20.051000,-21516000000.000000,5788000000.000000,5788000000.000000,77190000000.000000,13333000000.000000,0.759000,2.272000,123513000000.000000,9832000000.000000,113681000000.000000,123513000000.000000,4519000000.000000,25847000000.000000,0.000000,0.045000,1.920000,24365000000.000000,50212000000.000000,0.307000,50212000000.000000,24365000000.000000,19455000000.000000,2.100000,2.100000,2.100000,123135000000.000000,123395000000.000000,123135000000.000000,380502730000.000000,16.000000,7.578000,16926000000.000000,2.756000,1.000000,86596000000.000000,0.529000,222067000000.000000,4910000000.000000,248903000000.000000,251350750000.000000,0.000000,1674000000.000000,0.000000,1674000000.000000,279711000000.000000,50576000000.000000,229135000000.000000,662000000.000000,-1581000000.000000,-366000000.000000,-683000000.000000,-11797000000.000000,-14462000000.000000,-23318000000.000000,672000000.000000,38442000000.000000,0.000000,12976000000.000000,12976000000.000000,12976000000.000000,0.000000,357000000.000000,0.079000,63053000000.000000,23543000000.000000,31138000000.000000,0.914000,2.121000,20.128000,20.252000,124899000000.000000,0.000000,42.530000,1.595000,1.595000,16794000000.000000,34734000000.000000,163786000000.000000,163786000000.000000,0.000000,0.032000,0.105000,0.097000,0.149000,0.000000,36845000000.000000,1.000000,6141000000.000000,6141000000.000000,,26.671000,181754000000.000000,0.000000,6479000000.000000,62207000000.000000,29.597000
MRY,2017-12-31,2017-12-31,2017-12-31,2017-FY,-2243000000.000000,238684320000.000000,2025-04-29,7017000000.000000,444097000000.000000,430165000000.000000,79146000000.000000,364951000000.000000,0.373000,22.945000,-20647000000.000000,50498000000.000000,50498000000.000000,77810000000.000000,29847000000.000000,0.972000,2.145000,164346000000.000000,38374000000.000000,125972000000.000000,164346000000.000000,4213000000.000000,24387000000.000000,0.000000,0.050000,1.960000,21042000000.000000,45429000000.000000,0.283000,45429000000.000000,21042000000.000000,14742000000.000000,4.770000,4.760000,4.770000,140861000000.000000,128596750000.000000,140861000000.000000,353464320000.000000,17.000000,7.781000,17363000000.000000,2.828000,1.000000,82736000000.000000,0.515000,219725000000.000000,6300000000.000000,256831000000.000000,268355000000.000000,0.000000,1560000000.000000,0.000000,1560000000.000000,302090000000.000000,81389000000.000000,220701000000.000000,44997000000.000000,2158000000.000000,-430000000.000000,35880000000.000000,-12038000000.000000,25930000000.000000,-18943000000.000000,449000000.000000,38010000000.000000,0.000000,29450000000.000000,29450000000.000000,29450000000.000000,0.000000,397000000.000000,0.183000,62766000000.000000,19970000000.000000,34470000000.000000,0.411000,1.694000,8.105000,8.151000,125222000000.000000,0.000000,38.880000,1.487000,1.487000,16522000000.000000,50500000000.000000,160546000000.000000,160546000000.000000,0.000000,0.068000,0.229000,0.078000,0.131000,0.000000,35465000000.000000,1.000000,6139000000.000000,6139000000.000000,,26.152000,224372000000.000000,0.000000,-14708000000.000000,44469000000.000000,36.549000
MRY,2018-12-31,2018-12-31,2018-12-31,2018-FY,-12993000000.000000,207714120000.000000,2025-04-29,4249000000.000000,531864000000.000000,511942000000.000000,51427000000.000000,480437000000.000000,0.334000,25.294000,-21251000000.000000,5204000000.000000,5204000000.000000,79419000000.000000,19953000000.000000,0.798000,1.836000,176505000000.000000,10255000000.000000,166250000000.000000,176505000000.000000,5948000000.000000,28430000000.000000,0.000000,0.070000,2.000000,32247000000.000000,60677000000.000000,0.355000,60677000000.000000,32247000000.000000,24290000000.000000,2.850000,2.850000,2.850000,184089000000.000000,174209250000.000000,184089000000.000000,382475120000.000000,12.000000,6.303000,22351000000.000000,3.071000,1.000000,91337000000.000000,0.535000,293128000000.000000,7957000000.000000,345617000000.000000,328281750000.000000,7713000000.000000,6245000000.000000,0.000000,6245000000.000000,337980000000.000000,64420000000.000000,273560000000.000000,-45532000000.000000,-41711000000.000000,136000000.000000,-9349000000.000000,-13410000000.000000,-25989000000.000000,-63145000000.000000,-183000000.000000,43602000000.000000,0.000000,19370000000.000000,19370000000.000000,19370000000.000000,0.000000,583000000.000000,0.113000,65241000000.000000,26096000000.000000,43184000000.000000,0.702000,1.128000,10.723000,10.014000,148542000000.000000,0.000000,28.540000,1.216000,1.216000,26472000000.000000,58753000000.000000,170756000000.000000,170756000000.000000,0.000000,0.038000,0.111000,0.098000,0.189000,0.000000,36765000000.000000,1.000000,7278000000.000000,7278000000.000000,,23.462000,238736000000.000000,0.000000,4920000000.000000,59038000000.000000,32.802000
MRY,2019-12-31,2019-12-31,2019-12-31,2019-FY,-14150000000.000000,285479400000.000000,2025-04-29,5470000000.000000,551669000000.000000,548940750000.000000,54761000000.000000,496908000000.000000,0.330000,25.218000,-19635000000.000000,12130000000.000000,12130000000.000000,84141000000.000000,14975000000.000000,0.795000,1.898000,184951000000.000000,11838000000.000000,173113000000.000000,184951000000.000000,6124000000.000000,28217000000.000000,0.000000,0.052000,2.040000,25818000000.000000,54035000000.000000,0.298000,54035000000.000000,25818000000.000000,17396000000.000000,1.900000,1.890000,1.900000,184221000000.000000,184159750000.000000,184221000000.000000,466355400000.000000,18.000000,8.631000,29033000000.000000,3.974000,1.000000,97052000000.000000,0.536000,288513000000.000000,8422000000.000000,367066000000.000000,372803750000.000000,12434000000.000000,3695000000.000000,0.000000,3695000000.000000,349735000000.000000,68911000000.000000,280824000000.000000,6895000000.000000,2875000000.000000,-1786000000.000000,-16771000000.000000,-14888000000.000000,-25083000000.000000,-16690000000.000000,0.000000,48668000000.000000,0.000000,13903000000.000000,13900000000.000000,13900000000.000000,0.000000,1072000000.000000,0.077000,69097000000.000000,27955000000.000000,45956000000.000000,1.074000,1.550000,20.538000,20.568000,169512000000.000000,3000000.000000,39.080000,1.576000,1.576000,22636000000.000000,57936000000.000000,181193000000.000000,181193000000.000000,0.000000,0.025000,0.075000,0.069000,0.142000,0.000000,39422000000.000000,1.000000,7305000000.000000,7305000000.000000,,24.804000,263156000000.000000,0.000000,3493000000.000000,60714000000.000000,36.024000
MRY,2020-12-31,2020-12-31,2020-12-31,2020-FY,-11430000000.000000,204943760000.000000,2025-04-29,4330000000.000000,525761000000.000000,539391500000.000000,52008000000.000000,473753000000.000000,0.265000,22.688000,-14690000000.000000,9740000000.000000,9740000000.000000,65651000000.000000,-3821000000.000000,0.820000,2.143000,179447000000.000000,3470000000.000000,175977000000.000000,179447000000.000000,6176000000.000000,22523000000.000000,0.000000,0.072000,2.080000,3719000000.000000,26242000000.000000,0.183000,26242000000.000000,3719000000.000000,-4008000000.000000,-0.750000,-0.750000,-0.750000,161673000000.000000,172725250000.000000,161673000000.000000,376119760000.000000,101.000000,14.333000,28439000000.000000,3.991000,1.000000,77399000000.000000,0.541000,267782000000.000000,7727000000.000000,364248000000.000000,366428000000.000000,18447000000.000000,1780000000.000000,0.000000,1780000000.000000,346521000000.000000,63438000000.000000,283083000000.000000,-2425000000.000000,847000000.000000,-5393000000.000000,-10084000000.000000,-14956000000.000000,-32005000000.000000,-13549000000.000000,0.000000,43129000000.000000,0.000000,-5176000000.000000,-5369000000.000000,-5369000000.000000,2299000000.000000,1355000000.000000,-0.038000,69027000000.000000,8372000000.000000,50051000000.000000,-2.773000,1.268000,-38.172000,-38.347000,165822000000.000000,193000000.000000,28.760000,1.433000,1.433000,20215000000.000000,37457000000.000000,143050000000.000000,143050000000.000000,0.000000,-0.010000,-0.031000,0.010000,0.026000,0.000000,30817000000.000000,1.000000,7126000000.000000,7126000000.000000,,20.074000,257979000000.000000,0.000000,1168000000.000000,60472000000.000000,36.202000
MRY,2021-12-31,2021-12-31,2021-12-31,2021-FY,64538000000.000000,175668600000.000000,2025-04-29,3529000000.000000,551622000000.000000,547606000000.000000,170768000000.000000,380854000000.000000,0.245000,23.293000,-15545000000.000000,19223000000.000000,19223000000.000000,60407000000.000000,21479000000.000000,1.608000,2.211000,195832000000.000000,25865000000.000000,169967000000.000000,195832000000.000000,3966000000.000000,17852000000.000000,0.000000,0.085000,2.080000,32192000000.000000,50044000000.000000,0.373000,50044000000.000000,32192000000.000000,25476000000.000000,2.770000,2.730000,2.770000,166332000000.000000,164471750000.000000,166332000000.000000,356507600000.000000,11.000000,7.124000,26413000000.000000,3.699000,1.000000,73631000000.000000,0.549000,211961000000.000000,6716000000.000000,410040000000.000000,392964250000.000000,3325000000.000000,6168000000.000000,0.000000,6168000000.000000,367767000000.000000,106230000000.000000,261537000000.000000,11446000000.000000,-16994000000.000000,-106000000.000000,19299000000.000000,-15068000000.000000,1578000000.000000,-32090000000.000000,44000000.000000,41958000000.000000,0.000000,20081000000.000000,19874000000.000000,19874000000.000000,2297000000.000000,1398000000.000000,0.148000,47734000000.000000,25897000000.000000,39095000000.000000,0.751000,1.056000,8.839000,8.881000,143473000000.000000,207000000.000000,24.600000,1.311000,1.311000,12313000000.000000,42350000000.000000,134038000000.000000,134038000000.000000,0.000000,0.036000,0.121000,0.082000,0.240000,0.000000,29669000000.000000,1.000000,7141000000.000000,7141000000.000000,,18.770000,339661000000.000000,0.000000,5395000000.000000,53767000000.000000,47.565000
MRY,2022-12-31,2022-12-31,2022-12-31,2022-FY,-23065000000.000000,131208070000.000000,2025-04-29,2766000000.000000,402853000000.000000,458236000000.000000,33108000000.000000,369745000000.000000,0.263000,13.680000,-19626000000.000000,3701000000.000000,3701000000.000000,50848000000.000000,-7055000000.000000,0.589000,3.040000,154679000000.000000,7597000000.000000,147082000000.000000,154679000000.000000,3918000000.000000,18021000000.000000,0.000000,0.073000,1.353000,1364000000.000000,19385000000.000000,0.161000,19385000000.000000,1364000000.000000,-4744000000.000000,-1.130000,-1.130000,-1.130000,97500000000.000000,126672000000.000000,97500000000.000000,281277070000.000000,206.000000,14.510000,12397000000.000000,1.739000,1.000000,69893000000.000000,0.579000,197341000000.000000,6108000000.000000,300317000000.000000,328649250000.000000,3123000000.000000,3533000000.000000,0.000000,3533000000.000000,296396000000.000000,56173000000.000000,240223000000.000000,-17523000000.000000,-7352000000.000000,-862000000.000000,-42956000000.000000,-9859000000.000000,-23741000000.000000,-25805000000.000000,82000000.000000,32023000000.000000,0.000000,-8524000000.000000,-8727000000.000000,-8727000000.000000,181000000.000000,1469000000.000000,-0.072000,74480000000.000000,-4587000000.000000,42644000000.000000,-1.197000,1.346000,-15.035000,-16.292000,149259000000.000000,203000000.000000,18.410000,1.087000,1.087000,11466000000.000000,-19415000000.000000,120741000000.000000,120741000000.000000,0.000000,-0.019000,-0.069000,0.004000,0.011000,0.000000,28961000000.000000,1.000000,7127000000.000000,7127000000.000000,,16.941000,205512000000.000000,0.000000,3780000000.000000,57032000000.000000,28.836000
MRY,2023-12-31,2023-12-31,2023-12-31,2023-FY,-14669000000.000000,119977337580.000000,2025-04-29,2300000000.000000,407060000000.000000,405771000000.000000,36458000000.000000,370602000000.000000,0.302000,14.447000,-17853000000.000000,6722000000.000000,6722000000.000000,50123000000.000000,15623000000.000000,0.713000,2.804000,154899000000.000000,9477000000.000000,145422000000.000000,154899000000.000000,3778000000.000000,18777000000.000000,0.000000,0.066000,1.110000,25329000000.000000,44106000000.000000,0.360000,44106000000.000000,25329000000.000000,18625000000.000000,1.970000,1.970000,1.970000,103297000000.000000,102074750000.000000,103297000000.000000,268170337580.000000,11.000000,6.080000,20461000000.000000,2.862000,1.000000,72305000000.000000,0.591000,200356000000.000000,6704000000.000000,303754000000.000000,303208250000.000000,2177000000.000000,1251000000.000000,0.000000,1251000000.000000,289618000000.000000,51127000000.000000,238491000000.000000,3040000000.000000,-821000000.000000,-191000000.000000,-6835000000.000000,-8136000000.000000,-15614000000.000000,-19660000000.000000,-902000000.000000,38314000000.000000,0.000000,14400000000.000000,14192000000.000000,14192000000.000000,0.000000,1223000000.000000,0.116000,48844000000.000000,23461000000.000000,35852000000.000000,0.563000,1.161000,8.454000,8.518000,149394000000.000000,208000000.000000,16.780000,0.980000,0.980000,10289000000.000000,-5015000000.000000,122428000000.000000,122428000000.000000,0.000000,0.035000,0.139000,0.084000,0.207000,0.000000,28874000000.000000,1.000000,7150020118.000000,7150020118.000000,,17.123000,206704000000.000000,0.000000,4225000000.000000,58666000000.000000,28.910000
MRY,2024-12-31,2024-12-31,2024-12-31,2024-FY,-15704000000.000000,163381334105.000000,2025-04-29,795000000.000000,394795000000.000000,396492000000.000000,31168000000.000000,363627000000.000000,0.309000,14.546000,-20263000000.000000,3298000000.000000,3298000000.000000,49221000000.000000,12253000000.000000,0.665000,2.650000,140923000000.000000,5089000000.000000,135834000000.000000,140923000000.000000,4099000000.000000,20580000000.000000,0.000000,0.049000,1.110000,22152000000.000000,42732000000.000000,0.349000,42732000000.000000,22152000000.000000,15393000000.000000,1.490000,1.490000,1.490000,104372000000.000000,104143250000.000000,104372000000.000000,307138334105.000000,14.000000,7.188000,18508000000.000000,2.579000,1.000000,73115000000.000000,0.598000,195722000000.000000,6759000000.000000,289826000000.000000,297816250000.000000,2270000000.000000,295000000.000000,0.000000,295000000.000000,276550000000.000000,46872000000.000000,229678000000.000000,-3427000000.000000,623000000.000000,-200000000.000000,-14066000000.000000,-8208000000.000000,-24708000000.000000,-17490000000.000000,2575000000.000000,38771000000.000000,0.000000,10948000000.000000,10746000000.000000,10746000000.000000,0.000000,1305000000.000000,0.088000,54066000000.000000,19049000000.000000,35657000000.000000,0.745000,1.565000,15.204000,15.282000,149780000000.000000,202000000.000000,22.770000,1.336000,1.336000,9638000000.000000,1871000000.000000,122336000000.000000,122336000000.000000,0.000000,0.027000,0.103000,0.074000,0.181000,0.000000,28411000000.000000,1.000000,7175289157.000000,7175289157.000000,,17.050000,199073000000.000000,0.000000,4445000000.000000,58939000000.000000,27.744000
